,author,created_utc,title,url,created,d_,created_utc_dt
0,Stupid-Ape-,1612297173,Loss porn from germany here 🍆 💦 💦Bought on a high and did all the dips... But I don't know what dips mean... I'm just a STUPID 🦍 who's holding his few bananas till we meet up with Yoda on Dagobah 💎 🙌🏻 WE ARE THE ALLIANCE💪🏻 we all know what happened with to Death Star douring it final strike,https://i.redd.it/ouzq2k8rh4f61.jpg,1612297173.0,"{'author': 'Stupid-Ape-', 'created_utc': 1612297173, 'title': ""Loss porn from germany here 🍆 💦 💦Bought on a high and did all the dips... But I don't know what dips mean... I'm just a STUPID 🦍 who's holding his few bananas till we meet up with Yoda on Dagobah 💎 🙌🏻 WE ARE THE ALLIANCE💪🏻 we all know what happened with to Death Star douring it final strike"", 'url': 'https://i.redd.it/ouzq2k8rh4f61.jpg', 'created': 1612297173.0}",2021-02-02 20:19:33
1,[deleted],1612297172,Is gme still going to bounce back?,https://www.reddit.com/r/wallstreetbets/comments/lb5c5y/is_gme_still_going_to_bounce_back/,1612297172.0,"{'author': '[deleted]', 'created_utc': 1612297172, 'title': 'Is gme still going to bounce back?', 'url': 'https://www.reddit.com/r/wallstreetbets/comments/lb5c5y/is_gme_still_going_to_bounce_back/', 'created': 1612297172.0}",2021-02-02 20:19:32
2,[deleted],1612297172,"I don’t know which one of you apes this was, but you’re smooth brained to the max and I love it 🦍",https://i.redd.it/5h5n6t5rh4f61.jpg,1612297172.0,"{'author': '[deleted]', 'created_utc': 1612297172, 'title': 'I don’t know which one of you apes this was, but you’re smooth brained to the max and I love it 🦍', 'url': 'https://i.redd.it/5h5n6t5rh4f61.jpg', 'created': 1612297172.0}",2021-02-02 20:19:32
3,benchodeman,1612297171,GME or AMC?? Which one is more promising at this point?,https://www.reddit.com/r/wallstreetbets/comments/lb5c5r/gme_or_amc_which_one_is_more_promising_at_this/,1612297171.0,"{'author': 'benchodeman', 'created_utc': 1612297171, 'title': 'GME or AMC?? Which one is more promising at this point?', 'url': 'https://www.reddit.com/r/wallstreetbets/comments/lb5c5r/gme_or_amc_which_one_is_more_promising_at_this/', 'created': 1612297171.0}",2021-02-02 20:19:31
4,Possible_Cucumber203,1612297171,Revolut UK app GME AMC blocked (sell only),https://www.reddit.com/r/wallstreetbets/comments/lb5c5o/revolut_uk_app_gme_amc_blocked_sell_only/,1612297171.0,"{'author': 'Possible_Cucumber203', 'created_utc': 1612297171, 'title': 'Revolut UK app GME AMC blocked (sell only)', 'url': 'https://www.reddit.com/r/wallstreetbets/comments/lb5c5o/revolut_uk_app_gme_amc_blocked_sell_only/', 'created': 1612297171.0}",2021-02-02 20:19:31
5,KaptnRedBeard,1612297171,Newly Retarded (apologies for the high IQ) but when will I know when we're at the moon?,https://www.reddit.com/r/wallstreetbets/comments/lb5c5l/newly_retarded_apologies_for_the_high_iq_but_when/,1612297171.0,"{'author': 'KaptnRedBeard', 'created_utc': 1612297171, 'title': ""Newly Retarded (apologies for the high IQ) but when will I know when we're at the moon?"", 'url': 'https://www.reddit.com/r/wallstreetbets/comments/lb5c5l/newly_retarded_apologies_for_the_high_iq_but_when/', 'created': 1612297171.0}",2021-02-02 20:19:31
6,dayfeede,1612297171,Revolut have now stopped GME and AMC buying in Ire/UK - Sell position only.,https://i.redd.it/b2owe9bmh4f61.png,1612297171.0,"{'author': 'dayfeede', 'created_utc': 1612297171, 'title': 'Revolut have now stopped GME and AMC buying in Ire/UK - Sell position only.', 'url': 'https://i.redd.it/b2owe9bmh4f61.png', 'created': 1612297171.0}",2021-02-02 20:19:31
7,Jokerfromswe,1612297169,Sold my amc and vbi vaccines and bought 2 More GME!! Tomorrow!! 💥💥💥💥💥🇸🇪🇸🇪🇸🇪🇸🇪,https://www.reddit.com/r/wallstreetbets/comments/lb5c4i/sold_my_amc_and_vbi_vaccines_and_bought_2_more/,1612297169.0,"{'author': 'Jokerfromswe', 'created_utc': 1612297169, 'title': 'Sold my amc and vbi vaccines and bought 2 More GME!! Tomorrow!! 💥💥💥💥💥🇸🇪🇸🇪🇸🇪🇸🇪', 'url': 'https://www.reddit.com/r/wallstreetbets/comments/lb5c4i/sold_my_amc_and_vbi_vaccines_and_bought_2_more/', 'created': 1612297169.0}",2021-02-02 20:19:29
8,[deleted],1612297169,"Talk about fucking 💎🖐, I SHORTED MYSELF TO BUY MORE GME WITH YOU RETARDS! We like the stock! 🦍 together strong.",https://www.reddit.com/gallery/lb5c4d,1612297169.0,"{'author': '[deleted]', 'created_utc': 1612297169, 'title': 'Talk about fucking 💎🖐, I SHORTED MYSELF TO BUY MORE GME WITH YOU RETARDS! We like the stock! 🦍 together strong.', 'url': 'https://www.reddit.com/gallery/lb5c4d', 'created': 1612297169.0}",2021-02-02 20:19:29
9,Sea-Bumblebee4021,1612297169,im holding the line but where is the founder for gme at bets he posted that he holds but where is he now?,https://www.reddit.com/r/wallstreetbets/comments/lb5c48/im_holding_the_line_but_where_is_the_founder_for/,1612297169.0,"{'author': 'Sea-Bumblebee4021', 'created_utc': 1612297169, 'title': 'im holding the line but where is the founder for gme at bets he posted that he holds but where is he now?', 'url': 'https://www.reddit.com/r/wallstreetbets/comments/lb5c48/im_holding_the_line_but_where_is_the_founder_for/', 'created': 1612297169.0}",2021-02-02 20:19:29
10,DrBiochemistryPhD,1612297168,"Bought the dip this morning, did my part. Everyone hold now!!!",https://www.reddit.com/r/wallstreetbets/comments/lb5c3p/bought_the_dip_this_morning_did_my_part_everyone/,1612297168.0,"{'author': 'DrBiochemistryPhD', 'created_utc': 1612297168, 'title': 'Bought the dip this morning, did my part. Everyone hold now!!!', 'url': 'https://www.reddit.com/r/wallstreetbets/comments/lb5c3p/bought_the_dip_this_morning_did_my_part_everyone/', 'created': 1612297168.0}",2021-02-02 20:19:28
11,untgradd1234,1612297168,Now is the time to buy guys,https://www.reddit.com/r/wallstreetbets/comments/lb5c3l/now_is_the_time_to_buy_guys/,1612297168.0,"{'author': 'untgradd1234', 'created_utc': 1612297168, 'title': 'Now is the time to buy guys', 'url': 'https://www.reddit.com/r/wallstreetbets/comments/lb5c3l/now_is_the_time_to_buy_guys/', 'created': 1612297168.0}",2021-02-02 20:19:28
12,GoodcockBlackcock,1612297167,my disappointment is immeasurable and my day is ruined,https://imgur.com/CeOf9XJ,1612297167.0,"{'author': 'GoodcockBlackcock', 'created_utc': 1612297167, 'title': 'my disappointment is immeasurable and my day is ruined', 'url': 'https://imgur.com/CeOf9XJ', 'created': 1612297167.0}",2021-02-02 20:19:27
13,onefddt,1612297167,Does this mean ppl are selling???,https://i.redd.it/pysvwglqh4f61.jpg,1612297167.0,"{'author': 'onefddt', 'created_utc': 1612297167, 'title': 'Does this mean ppl are selling???', 'url': 'https://i.redd.it/pysvwglqh4f61.jpg', 'created': 1612297167.0}",2021-02-02 20:19:27
14,Bravo_leader2706,1612297166,Supporting from Mexico 💎🙌🏻,https://www.reddit.com/r/wallstreetbets/comments/lb5c2q/supporting_from_mexico/,1612297166.0,"{'author': 'Bravo_leader2706', 'created_utc': 1612297166, 'title': 'Supporting from Mexico 💎🙌🏻', 'url': 'https://www.reddit.com/r/wallstreetbets/comments/lb5c2q/supporting_from_mexico/', 'created': 1612297166.0}",2021-02-02 20:19:26
15,Hackmeat,1612297165,I got no mo money left to buy more,https://www.reddit.com/r/wallstreetbets/comments/lb5c2c/i_got_no_mo_money_left_to_buy_more/,1612297165.0,"{'author': 'Hackmeat', 'created_utc': 1612297165, 'title': 'I got no mo money left to buy more', 'url': 'https://www.reddit.com/r/wallstreetbets/comments/lb5c2c/i_got_no_mo_money_left_to_buy_more/', 'created': 1612297165.0}",2021-02-02 20:19:25
16,VividCarpenter9171,1612297165,"Wrong strategy, buy a stock who's revenue you can boost - that will work",https://www.reddit.com/r/wallstreetbets/comments/lb5c24/wrong_strategy_buy_a_stock_whos_revenue_you_can/,1612297165.0,"{'author': 'VividCarpenter9171', 'created_utc': 1612297165, 'title': ""Wrong strategy, buy a stock who's revenue you can boost - that will work"", 'url': 'https://www.reddit.com/r/wallstreetbets/comments/lb5c24/wrong_strategy_buy_a_stock_whos_revenue_you_can/', 'created': 1612297165.0}",2021-02-02 20:19:25
17,Freemanofmountain,1612297165,Get out of robinhood,https://www.reddit.com/r/wallstreetbets/comments/lb5c1p/get_out_of_robinhood/,1612297165.0,"{'author': 'Freemanofmountain', 'created_utc': 1612297165, 'title': 'Get out of robinhood', 'url': 'https://www.reddit.com/r/wallstreetbets/comments/lb5c1p/get_out_of_robinhood/', 'created': 1612297165.0}",2021-02-02 20:19:25
18,[deleted],1612297165,Put about $170 in the account and AMC was my first stonk. So far have lost almost half of it. But im tryna be a fucking 💎👐🦍 so I put another $60 in today with the dip and im fuckinn holding my tiny 19 shares. AMC TO THE MOON 🚀🚀🚀🚀,https://i.redd.it/a43j2kgqh4f61.jpg,1612297165.0,"{'author': '[deleted]', 'created_utc': 1612297165, 'title': 'Put about $170 in the account and AMC was my first stonk. So far have lost almost half of it. But im tryna be a fucking 💎👐🦍 so I put another $60 in today with the dip and im fuckinn holding my tiny 19 shares. AMC TO THE MOON 🚀🚀🚀🚀', 'url': 'https://i.redd.it/a43j2kgqh4f61.jpg', 'created': 1612297165.0}",2021-02-02 20:19:25
19,Chewybabe86,1612297163,Nok,https://www.reddit.com/r/wallstreetbets/comments/lb5c0p/nok/,1612297163.0,"{'author': 'Chewybabe86', 'created_utc': 1612297163, 'title': 'Nok', 'url': 'https://www.reddit.com/r/wallstreetbets/comments/lb5c0p/nok/', 'created': 1612297163.0}",2021-02-02 20:19:23
20,lisbysalazar,1612297161,Just purchased 33 $GME shares for the cause!,https://www.reddit.com/r/wallstreetbets/comments/lb5bzv/just_purchased_33_gme_shares_for_the_cause/,1612297161.0,"{'author': 'lisbysalazar', 'created_utc': 1612297161, 'title': 'Just purchased 33 $GME shares for the cause!', 'url': 'https://www.reddit.com/r/wallstreetbets/comments/lb5bzv/just_purchased_33_gme_shares_for_the_cause/', 'created': 1612297161.0}",2021-02-02 20:19:21
21,[deleted],1612297161,Spreading the good words in my zoom class,https://i.redd.it/kbvd5b2qh4f61.jpg,1612297161.0,"{'author': '[deleted]', 'created_utc': 1612297161, 'title': 'Spreading the good words in my zoom class', 'url': 'https://i.redd.it/kbvd5b2qh4f61.jpg', 'created': 1612297161.0}",2021-02-02 20:19:21
22,MakambaPendeo,1612297157,Can’t buy GME and AMC,https://i.redd.it/zwz29dlph4f61.jpg,1612297157.0,"{'author': 'MakambaPendeo', 'created_utc': 1612297157, 'title': 'Can’t buy GME and AMC', 'url': 'https://i.redd.it/zwz29dlph4f61.jpg', 'created': 1612297157.0}",2021-02-02 20:19:17
23,anon_619023s,1612297157,Questrade canceled my sell limit!!,https://i.imgur.com/Rf1LNs8.jpg,1612297157.0,"{'author': 'anon_619023s', 'created_utc': 1612297157, 'title': 'Questrade canceled my sell limit!!', 'url': 'https://i.imgur.com/Rf1LNs8.jpg', 'created': 1612297157.0}",2021-02-02 20:19:17
24,dealdayJay,1612297157,"""When you are strong appear weak. And when you are weak appear strong"" ART OF WAR Sun Tzu ..HOLD $GME $AMC .",https://www.reddit.com/r/wallstreetbets/comments/lb5bxi/when_you_are_strong_appear_weak_and_when_you_are/,1612297157.0,"{'author': 'dealdayJay', 'created_utc': 1612297157, 'title': '""When you are strong appear weak. And when you are weak appear strong"" ART OF WAR Sun Tzu ..HOLD $GME $AMC .', 'url': 'https://www.reddit.com/r/wallstreetbets/comments/lb5bxi/when_you_are_strong_appear_weak_and_when_you_are/', 'created': 1612297157.0}",2021-02-02 20:19:17
25,Dinkless,1612297157,Stock,https://www.reddit.com/r/wallstreetbets/comments/lb5bxh/stock/,1612297157.0,"{'author': 'Dinkless', 'created_utc': 1612297157, 'title': 'Stock', 'url': 'https://www.reddit.com/r/wallstreetbets/comments/lb5bxh/stock/', 'created': 1612297157.0}",2021-02-02 20:19:17
26,Mouse_Numerous,1612297154,BB holding see Smahd55 Excellent Writeup,https://www.reddit.com/r/wallstreetbets/comments/lb5bwr/bb_holding_see_smahd55_excellent_writeup/,1612297154.0,"{'author': 'Mouse_Numerous', 'created_utc': 1612297154, 'title': 'BB holding see Smahd55 Excellent Writeup', 'url': 'https://www.reddit.com/r/wallstreetbets/comments/lb5bwr/bb_holding_see_smahd55_excellent_writeup/', 'created': 1612297154.0}",2021-02-02 20:19:14
27,TMgg,1612297151,"Its toguh seeing GME below 100€ today after i bought all i could at 270€ yesterday, which is one stock... but it dont matter im a part of the process 🦧🦧🦧🦧🦧🦧🦧🦧",https://www.reddit.com/r/wallstreetbets/comments/lb5bv8/its_toguh_seeing_gme_below_100_today_after_i/,1612297151.0,"{'author': 'TMgg', 'created_utc': 1612297151, 'title': 'Its toguh seeing GME below 100€ today after i bought all i could at 270€ yesterday, which is one stock... but it dont matter im a part of the process \U0001f9a7\U0001f9a7\U0001f9a7\U0001f9a7\U0001f9a7\U0001f9a7\U0001f9a7\U0001f9a7', 'url': 'https://www.reddit.com/r/wallstreetbets/comments/lb5bv8/its_toguh_seeing_gme_below_100_today_after_i/', 'created': 1612297151.0}",2021-02-02 20:19:11
28,_noriskitnobiscuit_,1612297150,"EVERYONE who is IN HERE should be able to BUY 2-3 SHARES. Come on fellas, the new iPhone every year but no cash for 2-3 life changing stocks? SELL SOME OLD CLOTHES OR TOYS OR YOUR A*S and BUY BUY BUY!!!!!🚀💎🚀💎🚀",https://www.reddit.com/r/wallstreetbets/comments/lb5buj/everyone_who_is_in_here_should_be_able_to_buy_23/,1612297150.0,"{'author': '_noriskitnobiscuit_', 'created_utc': 1612297150, 'title': 'EVERYONE who is IN HERE should be able to BUY 2-3 SHARES. Come on fellas, the new iPhone every year but no cash for 2-3 life changing stocks? SELL SOME OLD CLOTHES OR TOYS OR YOUR A*S and BUY BUY BUY!!!!!🚀💎🚀💎🚀', 'url': 'https://www.reddit.com/r/wallstreetbets/comments/lb5buj/everyone_who_is_in_here_should_be_able_to_buy_23/', 'created': 1612297150.0}",2021-02-02 20:19:10
29,Bostonweirdo,1612297149,NOK,https://www.reddit.com/r/wallstreetbets/comments/lb5bu6/nok/,1612297149.0,"{'author': 'Bostonweirdo', 'created_utc': 1612297149, 'title': 'NOK', 'url': 'https://www.reddit.com/r/wallstreetbets/comments/lb5bu6/nok/', 'created': 1612297149.0}",2021-02-02 20:19:09
30,Jayitaliano,1612297149,"Stop reading all the ridiculous fake news, close your stock apps and stay engaged in this amazing community",https://www.reddit.com/r/wallstreetbets/comments/lb5bu1/stop_reading_all_the_ridiculous_fake_news_close/,1612297149.0,"{'author': 'Jayitaliano', 'created_utc': 1612297149, 'title': 'Stop reading all the ridiculous fake news, close your stock apps and stay engaged in this amazing community', 'url': 'https://www.reddit.com/r/wallstreetbets/comments/lb5bu1/stop_reading_all_the_ridiculous_fake_news_close/', 'created': 1612297149.0}",2021-02-02 20:19:09
31,se7en0sa7age,1612297148,Big papi can't post....But I can....,https://i.redd.it/loonzopoh4f61.jpg,1612297148.0,"{'author': 'se7en0sa7age', 'created_utc': 1612297148, 'title': ""Big papi can't post....But I can...."", 'url': 'https://i.redd.it/loonzopoh4f61.jpg', 'created': 1612297148.0}",2021-02-02 20:19:08
32,[deleted],1612297148,DFV holds GME for the rest of humanity (Attack on Titan edition),https://youtu.be/JmVyfx2TMw0,1612297148.0,"{'author': '[deleted]', 'created_utc': 1612297148, 'title': 'DFV holds GME for the rest of humanity (Attack on Titan edition)', 'url': 'https://youtu.be/JmVyfx2TMw0', 'created': 1612297148.0}",2021-02-02 20:19:08
33,Aradorin,1612297148,"Revolut goes Robinhood, only allows sells (GME &amp; AMC)",https://www.reddit.com/r/wallstreetbets/comments/lb5btl/revolut_goes_robinhood_only_allows_sells_gme_amc/,1612297148.0,"{'author': 'Aradorin', 'created_utc': 1612297148, 'title': 'Revolut goes Robinhood, only allows sells (GME &amp; AMC)', 'url': 'https://www.reddit.com/r/wallstreetbets/comments/lb5btl/revolut_goes_robinhood_only_allows_sells_gme_amc/', 'created': 1612297148.0}",2021-02-02 20:19:08
34,jalenman,1612297147,I am buying @95. I will hold the line!!,https://www.reddit.com/r/wallstreetbets/comments/lb5btj/i_am_buying_95_i_will_hold_the_line/,1612297147.0,"{'author': 'jalenman', 'created_utc': 1612297147, 'title': 'I am buying @95. I will hold the line!!', 'url': 'https://www.reddit.com/r/wallstreetbets/comments/lb5btj/i_am_buying_95_i_will_hold_the_line/', 'created': 1612297147.0}",2021-02-02 20:19:07
35,yossarian0220,1612297145,"HOLD HOLD HOLD 💎💎💎 Guys this is hilarious, Revolut links this... ""Article""... As the only News piece under the stock, and this is literally the whole text. HOLDING STRONG 8 GME @287 avg.",https://www.reddit.com/gallery/lb5bsj,1612297145.0,"{'author': 'yossarian0220', 'created_utc': 1612297145, 'title': 'HOLD HOLD HOLD 💎💎💎 Guys this is hilarious, Revolut links this... ""Article""... As the only News piece under the stock, and this is literally the whole text. HOLDING STRONG 8 GME @287 avg.', 'url': 'https://www.reddit.com/gallery/lb5bsj', 'created': 1612297145.0}",2021-02-02 20:19:05
36,lssj3ly,1612297145,Stock Domination,https://www.reddit.com/r/wallstreetbets/comments/lb5bs5/stock_domination/,1612297145.0,"{'author': 'lssj3ly', 'created_utc': 1612297145, 'title': 'Stock Domination', 'url': 'https://www.reddit.com/r/wallstreetbets/comments/lb5bs5/stock_domination/', 'created': 1612297145.0}",2021-02-02 20:19:05
37,Paul_Bearer-,1612297144,GME below $100,https://www.reddit.com/r/wallstreetbets/comments/lb5brz/gme_below_100/,1612297144.0,"{'author': 'Paul_Bearer-', 'created_utc': 1612297144, 'title': 'GME below $100', 'url': 'https://www.reddit.com/r/wallstreetbets/comments/lb5brz/gme_below_100/', 'created': 1612297144.0}",2021-02-02 20:19:04
38,davethefish2103,1612297144,Is the language really necessary,https://www.reddit.com/r/wallstreetbets/comments/lb5brt/is_the_language_really_necessary/,1612297144.0,"{'author': 'davethefish2103', 'created_utc': 1612297144, 'title': 'Is the language really necessary', 'url': 'https://www.reddit.com/r/wallstreetbets/comments/lb5brt/is_the_language_really_necessary/', 'created': 1612297144.0}",2021-02-02 20:19:04
39,odcomiccollector,1612297144,New and Considering MEME Stonks? Research Covered Calls.,https://www.reddit.com/r/wallstreetbets/comments/lb5brs/new_and_considering_meme_stonks_research_covered/,1612297144.0,"{'author': 'odcomiccollector', 'created_utc': 1612297144, 'title': 'New and Considering MEME Stonks? Research Covered Calls.', 'url': 'https://www.reddit.com/r/wallstreetbets/comments/lb5brs/new_and_considering_meme_stonks_research_covered/', 'created': 1612297144.0}",2021-02-02 20:19:04
40,savingsave12457,1612297143,Place,https://www.reddit.com/r/wallstreetbets/comments/lb5brd/place/,1612297143.0,"{'author': 'savingsave12457', 'created_utc': 1612297143, 'title': 'Place', 'url': 'https://www.reddit.com/r/wallstreetbets/comments/lb5brd/place/', 'created': 1612297143.0}",2021-02-02 20:19:03
41,r3martin,1612297143,Thoughts on EV’s,https://www.reddit.com/r/wallstreetbets/comments/lb5br9/thoughts_on_evs/,1612297143.0,"{'author': 'r3martin', 'created_utc': 1612297143, 'title': 'Thoughts on EV’s', 'url': 'https://www.reddit.com/r/wallstreetbets/comments/lb5br9/thoughts_on_evs/', 'created': 1612297143.0}",2021-02-02 20:19:03
42,[deleted],1612297142,I bought in last week and got a sign today,https://i.redd.it/mrgap0uih4f61.jpg,1612297142.0,"{'author': '[deleted]', 'created_utc': 1612297142, 'title': 'I bought in last week and got a sign today', 'url': 'https://i.redd.it/mrgap0uih4f61.jpg', 'created': 1612297142.0}",2021-02-02 20:19:02
43,BanquetPotPie,1612297140,Catalyst?,https://i.redd.it/3t0kb8rnh4f61.jpg,1612297140.0,"{'author': 'BanquetPotPie', 'created_utc': 1612297140, 'title': 'Catalyst?', 'url': 'https://i.redd.it/3t0kb8rnh4f61.jpg', 'created': 1612297140.0}",2021-02-02 20:19:00
44,lelandami,1612297138,Keep positive during the dips! 🤲💎,https://www.reddit.com/r/wallstreetbets/comments/lb5bp7/keep_positive_during_the_dips/,1612297138.0,"{'author': 'lelandami', 'created_utc': 1612297138, 'title': 'Keep positive during the dips! 🤲💎', 'url': 'https://www.reddit.com/r/wallstreetbets/comments/lb5bp7/keep_positive_during_the_dips/', 'created': 1612297138.0}",2021-02-02 20:18:58
45,dankpanda23,1612297137,Never been so happy to be a retard,https://i.redd.it/xe1ch0knh4f61.jpg,1612297137.0,"{'author': 'dankpanda23', 'created_utc': 1612297137, 'title': 'Never been so happy to be a retard', 'url': 'https://i.redd.it/xe1ch0knh4f61.jpg', 'created': 1612297137.0}",2021-02-02 20:18:57
46,brandrizer,1612297137,"SocGen warns its customers in an analysis of the scenario that Reddit investors could identify the VIX-ETP complex as a new target to push the VIX upwards. The two most likely vehicles for such an attack are the iPath VIX ETN and the Proshares Ultra VIX Future. According to SocGen, the market woul",https://www.reddit.com/r/wallstreetbets/comments/lb5bod/socgen_warns_its_customers_in_an_analysis_of_the/,1612297137.0,"{'author': 'brandrizer', 'created_utc': 1612297137, 'title': 'SocGen warns its customers in an analysis of the scenario that Reddit investors could identify the VIX-ETP complex as a new target to push the VIX upwards. The two most likely vehicles for such an attack are the iPath VIX ETN and the Proshares Ultra VIX Future. According to SocGen, the market woul', 'url': 'https://www.reddit.com/r/wallstreetbets/comments/lb5bod/socgen_warns_its_customers_in_an_analysis_of_the/', 'created': 1612297137.0}",2021-02-02 20:18:57
47,[deleted],1612297136,GME had another dip? Bought another 38 shares. 🚀🚀🚀🚀🚀🚀🚀🚀🚀🚀🚀,https://i.imgur.com/oL59kou.jpg,1612297136.0,"{'author': '[deleted]', 'created_utc': 1612297136, 'title': 'GME had another dip? Bought another 38 shares. 🚀🚀🚀🚀🚀🚀🚀🚀🚀🚀🚀', 'url': 'https://i.imgur.com/oL59kou.jpg', 'created': 1612297136.0}",2021-02-02 20:18:56
48,Akie_5713,1612297136,Cant buy GME or AMC on Revolut anymore 😢,https://i.redd.it/eqei4cbnh4f61.jpg,1612297136.0,"{'author': 'Akie_5713', 'created_utc': 1612297136, 'title': 'Cant buy GME or AMC on Revolut anymore 😢', 'url': 'https://i.redd.it/eqei4cbnh4f61.jpg', 'created': 1612297136.0}",2021-02-02 20:18:56
49,ManofSteelAV,1612297135,"I'm not in deep, but I'm in!!! Bought the dip on AMC and GME today!!",https://www.reddit.com/r/wallstreetbets/comments/lb5bne/im_not_in_deep_but_im_in_bought_the_dip_on_amc/,1612297135.0,"{'author': 'ManofSteelAV', 'created_utc': 1612297135, 'title': ""I'm not in deep, but I'm in!!! Bought the dip on AMC and GME today!!"", 'url': 'https://www.reddit.com/r/wallstreetbets/comments/lb5bne/im_not_in_deep_but_im_in_bought_the_dip_on_amc/', 'created': 1612297135.0}",2021-02-02 20:18:55
50,[deleted],1612297134,💎🙌,https://i.redd.it/aflsjl3mh4f61.jpg,1612297134.0,"{'author': '[deleted]', 'created_utc': 1612297134, 'title': '💎🙌', 'url': 'https://i.redd.it/aflsjl3mh4f61.jpg', 'created': 1612297134.0}",2021-02-02 20:18:54
51,CityAffectionate259,1612297133,AMC GME NOK and BB charts all the same?? Keep fighting the good fight everyone💎✋💎🚀🚀🚀,https://www.reddit.com/r/wallstreetbets/comments/lb5bmm/amc_gme_nok_and_bb_charts_all_the_same_keep/,1612297133.0,"{'author': 'CityAffectionate259', 'created_utc': 1612297133, 'title': 'AMC GME NOK and BB charts all the same?? Keep fighting the good fight everyone💎✋💎🚀🚀🚀', 'url': 'https://www.reddit.com/r/wallstreetbets/comments/lb5bmm/amc_gme_nok_and_bb_charts_all_the_same_keep/', 'created': 1612297133.0}",2021-02-02 20:18:53
52,DENDRO_6,1612297132,Something to sing together in harmony. HOLD THE LINE!!!,https://www.youtube.com/watch?v=1xPmR4aNgkA&amp;feature=youtu.be&amp;ab_channel=DonkaTrock,1612297132.0,"{'author': 'DENDRO_6', 'created_utc': 1612297132, 'title': 'Something to sing together in harmony. HOLD THE LINE!!!', 'url': 'https://www.youtube.com/watch?v=1xPmR4aNgkA&amp;feature=youtu.be&amp;ab_channel=DonkaTrock', 'created': 1612297132.0}",2021-02-02 20:18:52
53,ironfordinner,1612297131,JUST STOP,https://www.reddit.com/r/wallstreetbets/comments/lb5blo/just_stop/,1612297131.0,"{'author': 'ironfordinner', 'created_utc': 1612297131, 'title': 'JUST STOP', 'url': 'https://www.reddit.com/r/wallstreetbets/comments/lb5blo/just_stop/', 'created': 1612297131.0}",2021-02-02 20:18:51
54,No-Might,1612297131,Bought the Dip $GME 💎🙌🏽,https://i.redd.it/7p98pismh4f61.jpg,1612297131.0,"{'author': 'No-Might', 'created_utc': 1612297131, 'title': 'Bought the Dip $GME 💎🙌🏽', 'url': 'https://i.redd.it/7p98pismh4f61.jpg', 'created': 1612297131.0}",2021-02-02 20:18:51
55,[deleted],1612297130,Is GME really gonna blow up like it does in that one guy's story?,https://www.reddit.com/r/wallstreetbets/comments/lb5bla/is_gme_really_gonna_blow_up_like_it_does_in_that/,1612297130.0,"{'author': '[deleted]', 'created_utc': 1612297130, 'title': ""Is GME really gonna blow up like it does in that one guy's story?"", 'url': 'https://www.reddit.com/r/wallstreetbets/comments/lb5bla/is_gme_really_gonna_blow_up_like_it_does_in_that/', 'created': 1612297130.0}",2021-02-02 20:18:50
56,sillirichi,1612297130,Scared money dont make money,https://www.reddit.com/r/wallstreetbets/comments/lb5bl2/scared_money_dont_make_money/,1612297130.0,"{'author': 'sillirichi', 'created_utc': 1612297130, 'title': 'Scared money dont make money', 'url': 'https://www.reddit.com/r/wallstreetbets/comments/lb5bl2/scared_money_dont_make_money/', 'created': 1612297130.0}",2021-02-02 20:18:50
57,Ne-fast4,1612297129,"Buy IOTA Tangle, Hold GME",https://www.reddit.com/r/wallstreetbets/comments/lb5bkg/buy_iota_tangle_hold_gme/,1612297129.0,"{'author': 'Ne-fast4', 'created_utc': 1612297129, 'title': 'Buy IOTA Tangle, Hold GME', 'url': 'https://www.reddit.com/r/wallstreetbets/comments/lb5bkg/buy_iota_tangle_hold_gme/', 'created': 1612297129.0}",2021-02-02 20:18:49
58,Sensitive_eagle_994,1612297129,Who believes really that GameStop will increase?,https://www.reddit.com/r/wallstreetbets/comments/lb5bka/who_believes_really_that_gamestop_will_increase/,1612297129.0,"{'author': 'Sensitive_eagle_994', 'created_utc': 1612297129, 'title': 'Who believes really that GameStop will increase?', 'url': 'https://www.reddit.com/r/wallstreetbets/comments/lb5bka/who_believes_really_that_gamestop_will_increase/', 'created': 1612297129.0}",2021-02-02 20:18:49
59,Affectionate_Gur2297,1612297127,"If any robinhooders are sick of the GME buy restrictions, SNDL is still fair game, our small group r/SNDL it making moves but could use some more support! Help a fellow broke diamond hands out. Seems stupid but don’t have the capital to buy significant # of GME shares",https://www.reddit.com/r/wallstreetbets/comments/lb5bjo/if_any_robinhooders_are_sick_of_the_gme_buy/,1612297127.0,"{'author': 'Affectionate_Gur2297', 'created_utc': 1612297127, 'title': 'If any robinhooders are sick of the GME buy restrictions, SNDL is still fair game, our small group r/SNDL it making moves but could use some more support! Help a fellow broke diamond hands out. Seems stupid but don’t have the capital to buy significant # of GME shares', 'url': 'https://www.reddit.com/r/wallstreetbets/comments/lb5bjo/if_any_robinhooders_are_sick_of_the_gme_buy/', 'created': 1612297127.0}",2021-02-02 20:18:47
60,EeeeeeeeeeeeeeOhhh,1612297127,Can’t speak for the dead....but I feel like Kenny Rodgers would hold 🦍🦍🦍💎🙌,https://www.reddit.com/r/wallstreetbets/comments/lb5bjk/cant_speak_for_the_deadbut_i_feel_like_kenny/,1612297127.0,"{'author': 'EeeeeeeeeeeeeeOhhh', 'created_utc': 1612297127, 'title': 'Can’t speak for the dead....but I feel like Kenny Rodgers would hold 🦍🦍🦍💎🙌', 'url': 'https://www.reddit.com/r/wallstreetbets/comments/lb5bjk/cant_speak_for_the_deadbut_i_feel_like_kenny/', 'created': 1612297127.0}",2021-02-02 20:18:47
61,000range,1612297127,THE PARTY IS OVER? WE NEED SOMEONE TO SAVE OUR ASS,https://www.reddit.com/r/wallstreetbets/comments/lb5bjj/the_party_is_over_we_need_someone_to_save_our_ass/,1612297127.0,"{'author': '000range', 'created_utc': 1612297127, 'title': 'THE PARTY IS OVER? WE NEED SOMEONE TO SAVE OUR ASS', 'url': 'https://www.reddit.com/r/wallstreetbets/comments/lb5bjj/the_party_is_over_we_need_someone_to_save_our_ass/', 'created': 1612297127.0}",2021-02-02 20:18:47
62,Tall-Ad1850,1612297125,HRL (Hormel Foods) !!!,https://www.reddit.com/r/wallstreetbets/comments/lb5biu/hrl_hormel_foods/,1612297125.0,"{'author': 'Tall-Ad1850', 'created_utc': 1612297125, 'title': 'HRL (Hormel Foods) !!!', 'url': 'https://www.reddit.com/r/wallstreetbets/comments/lb5biu/hrl_hormel_foods/', 'created': 1612297125.0}",2021-02-02 20:18:45
63,LeftyTWS15,1612297125,Use Charles schwab!,https://www.reddit.com/r/wallstreetbets/comments/lb5bit/use_charles_schwab/,1612297125.0,"{'author': 'LeftyTWS15', 'created_utc': 1612297125, 'title': 'Use Charles schwab!', 'url': 'https://www.reddit.com/r/wallstreetbets/comments/lb5bit/use_charles_schwab/', 'created': 1612297125.0}",2021-02-02 20:18:45
64,Ihavent_reddit,1612297123,✨🙌🏼💎🙌🏼✨,https://i.redd.it/uog9s22mh4f61.jpg,1612297123.0,"{'author': 'Ihavent_reddit', 'created_utc': 1612297123, 'title': '✨🙌🏼💎🙌🏼✨', 'url': 'https://i.redd.it/uog9s22mh4f61.jpg', 'created': 1612297123.0}",2021-02-02 20:18:43
65,[deleted],1612297123,GameStop Saga Heads to Netflix and the Big Screen Streaming company and Hollywood producers race to make projects about Wall Street turmoil,https://www.reddit.com/r/wallstreetbets/comments/lb5bi0/gamestop_saga_heads_to_netflix_and_the_big_screen/,1612297123.0,"{'author': '[deleted]', 'created_utc': 1612297123, 'title': 'GameStop Saga Heads to Netflix and the Big Screen Streaming company and Hollywood producers race to make projects about Wall Street turmoil', 'url': 'https://www.reddit.com/r/wallstreetbets/comments/lb5bi0/gamestop_saga_heads_to_netflix_and_the_big_screen/', 'created': 1612297123.0}",2021-02-02 20:18:43
66,Stxmike2021,1612297120,UVXY Will WallStreetBets Send The VIX Soaring Next? One Bank's Surprising Answer,https://www.reddit.com/r/wallstreetbets/comments/lb5bgf/uvxy_will_wallstreetbets_send_the_vix_soaring/,1612297120.0,"{'author': 'Stxmike2021', 'created_utc': 1612297120, 'title': ""UVXY Will WallStreetBets Send The VIX Soaring Next? One Bank's Surprising Answer"", 'url': 'https://www.reddit.com/r/wallstreetbets/comments/lb5bgf/uvxy_will_wallstreetbets_send_the_vix_soaring/', 'created': 1612297120.0}",2021-02-02 20:18:40
67,[deleted],1612297120,🚀💎🙌 AMC TO INFINITY AND BEYOND,https://i.redd.it/5xer6hnlh4f61.jpg,1612297120.0,"{'author': '[deleted]', 'created_utc': 1612297120, 'title': '🚀💎🙌 AMC TO INFINITY AND BEYOND', 'url': 'https://i.redd.it/5xer6hnlh4f61.jpg', 'created': 1612297120.0}",2021-02-02 20:18:40
68,[deleted],1612297120,Boomer Dad trying to get me to sell $GME 💎💎🖐🏻🖐🏻 HOOOOLDDD,https://i.redd.it/tzm4l9nlh4f61.jpg,1612297120.0,"{'author': '[deleted]', 'created_utc': 1612297120, 'title': 'Boomer Dad trying to get me to sell $GME 💎💎🖐🏻🖐🏻 HOOOOLDDD', 'url': 'https://i.redd.it/tzm4l9nlh4f61.jpg', 'created': 1612297120.0}",2021-02-02 20:18:40
69,RedRedKrovy,1612297119,"It ain't much, but it's honest work",https://i.redd.it/oap7sv5ch4f61.png,1612297119.0,"{'author': 'RedRedKrovy', 'created_utc': 1612297119, 'title': ""It ain't much, but it's honest work"", 'url': 'https://i.redd.it/oap7sv5ch4f61.png', 'created': 1612297119.0}",2021-02-02 20:18:39
70,[deleted],1612297119,My commitment to gamestop shares,https://www.reddit.com/r/wallstreetbets/comments/lb5bfx/my_commitment_to_gamestop_shares/,1612297119.0,"{'author': '[deleted]', 'created_utc': 1612297119, 'title': 'My commitment to gamestop shares', 'url': 'https://www.reddit.com/r/wallstreetbets/comments/lb5bfx/my_commitment_to_gamestop_shares/', 'created': 1612297119.0}",2021-02-02 20:18:39
71,[deleted],1612297119,"First post on reddit, first shares ever in my life and I'm 47 hahaha",https://www.reddit.com/r/wallstreetbets/comments/lb5bfp/first_post_on_reddit_first_shares_ever_in_my_life/,1612297119.0,"{'author': '[deleted]', 'created_utc': 1612297119, 'title': ""First post on reddit, first shares ever in my life and I'm 47 hahaha"", 'url': 'https://www.reddit.com/r/wallstreetbets/comments/lb5bfp/first_post_on_reddit_first_shares_ever_in_my_life/', 'created': 1612297119.0}",2021-02-02 20:18:39
72,[deleted],1612297117,"Didn't panic, just bought more. Started from $364",https://i.redd.it/arvfuh9lh4f61.jpg,1612297117.0,"{'author': '[deleted]', 'created_utc': 1612297117, 'title': ""Didn't panic, just bought more. Started from $364"", 'url': 'https://i.redd.it/arvfuh9lh4f61.jpg', 'created': 1612297117.0}",2021-02-02 20:18:37
73,2kDoge,1612297116,Still holding !!!!!,https://i.redd.it/9fangp5lh4f61.jpg,1612297116.0,"{'author': '2kDoge', 'created_utc': 1612297116, 'title': 'Still holding !!!!!', 'url': 'https://i.redd.it/9fangp5lh4f61.jpg', 'created': 1612297116.0}",2021-02-02 20:18:36
74,[deleted],1612297114,Freetrade reopen 🚀🚀🚀🚀🚀🙌💎,https://i.redd.it/5zu4070lh4f61.jpg,1612297114.0,"{'author': '[deleted]', 'created_utc': 1612297114, 'title': 'Freetrade reopen 🚀🚀🚀🚀🚀🙌💎', 'url': 'https://i.redd.it/5zu4070lh4f61.jpg', 'created': 1612297114.0}",2021-02-02 20:18:34
75,Shokan7,1612297112,Consolidating,https://www.reddit.com/r/wallstreetbets/comments/lb5bce/consolidating/,1612297112.0,"{'author': 'Shokan7', 'created_utc': 1612297112, 'title': 'Consolidating', 'url': 'https://www.reddit.com/r/wallstreetbets/comments/lb5bce/consolidating/', 'created': 1612297112.0}",2021-02-02 20:18:32
76,ICameISawICucked,1612297112,HOLD THE LINE 🤣🤣🤣🤣,https://i.redd.it/kdd6s7tkh4f61.jpg,1612297112.0,"{'author': 'ICameISawICucked', 'created_utc': 1612297112, 'title': 'HOLD THE LINE 🤣🤣🤣🤣', 'url': 'https://i.redd.it/kdd6s7tkh4f61.jpg', 'created': 1612297112.0}",2021-02-02 20:18:32
77,hagen0,1612297112,I own GameStonk Now,https://www.reddit.com/r/wallstreetbets/comments/lb5bc7/i_own_gamestonk_now/,1612297112.0,"{'author': 'hagen0', 'created_utc': 1612297112, 'title': 'I own GameStonk Now', 'url': 'https://www.reddit.com/r/wallstreetbets/comments/lb5bc7/i_own_gamestonk_now/', 'created': 1612297112.0}",2021-02-02 20:18:32
78,_noddy,1612297110,Is stake on drugs ? Says GME is up past $200 🤨,https://i.redd.it/mw5sx5ikh4f61.jpg,1612297110.0,"{'author': '_noddy', 'created_utc': 1612297110, 'title': 'Is stake on drugs ? Says GME is up past $200 🤨', 'url': 'https://i.redd.it/mw5sx5ikh4f61.jpg', 'created': 1612297110.0}",2021-02-02 20:18:30
79,Iflor021414,1612297110,INPX 🚀🚀🚀,https://www.reddit.com/r/wallstreetbets/comments/lb5bay/inpx/,1612297110.0,"{'author': 'Iflor021414', 'created_utc': 1612297110, 'title': 'INPX 🚀🚀🚀', 'url': 'https://www.reddit.com/r/wallstreetbets/comments/lb5bay/inpx/', 'created': 1612297110.0}",2021-02-02 20:18:30
80,RavenAUS,1612297109,"What a dip. In the green, cause 3 green shares are &gt; 1 red share. Tripled my holdings.💎🤲🚀🚀",https://i.redd.it/q36o5yhsg4f61.png,1612297109.0,"{'author': 'RavenAUS', 'created_utc': 1612297109, 'title': 'What a dip. In the green, cause 3 green shares are &gt; 1 red share. Tripled my holdings.💎🤲🚀🚀', 'url': 'https://i.redd.it/q36o5yhsg4f61.png', 'created': 1612297109.0}",2021-02-02 20:18:29
81,[deleted],1612297108,Godspeed Retards 🚀🚀🚀🚀🚀🚀(warning: bad editing),https://v.redd.it/ez7n501gh4f61,1612297108.0,"{'author': '[deleted]', 'created_utc': 1612297108, 'title': 'Godspeed Retards 🚀🚀🚀🚀🚀🚀(warning: bad editing)', 'url': 'https://v.redd.it/ez7n501gh4f61', 'created': 1612297108.0}",2021-02-02 20:18:28
82,[deleted],1612297106,$GME will go to the moon 🌙,https://i.redd.it/l8fvch4kh4f61.jpg,1612297106.0,"{'author': '[deleted]', 'created_utc': 1612297106, 'title': '$GME will go to the moon 🌙', 'url': 'https://i.redd.it/l8fvch4kh4f61.jpg', 'created': 1612297106.0}",2021-02-02 20:18:26
83,[deleted],1612297104,"I'm down 2,5k but holding with diamond hands and bought 1k worth more @105",https://i.redd.it/sfyuq1afh4f61.png,1612297104.0,"{'author': '[deleted]', 'created_utc': 1612297104, 'title': ""I'm down 2,5k but holding with diamond hands and bought 1k worth more @105"", 'url': 'https://i.redd.it/sfyuq1afh4f61.png', 'created': 1612297104.0}",2021-02-02 20:18:24
84,METRlOS,1612297104,"Buying the dip, every dip until they start accepting my sell price.",https://i.redd.it/nmyrjuujh4f61.jpg,1612297104.0,"{'author': 'METRlOS', 'created_utc': 1612297104, 'title': 'Buying the dip, every dip until they start accepting my sell price.', 'url': 'https://i.redd.it/nmyrjuujh4f61.jpg', 'created': 1612297104.0}",2021-02-02 20:18:24
85,[deleted],1612297103,"Passfolio broker enabled to buy AMC, NOK and GME again",https://www.reddit.com/r/wallstreetbets/comments/lb5b7w/passfolio_broker_enabled_to_buy_amc_nok_and_gme/,1612297103.0,"{'author': '[deleted]', 'created_utc': 1612297103, 'title': 'Passfolio broker enabled to buy AMC, NOK and GME again', 'url': 'https://www.reddit.com/r/wallstreetbets/comments/lb5b7w/passfolio_broker_enabled_to_buy_amc_nok_and_gme/', 'created': 1612297103.0}",2021-02-02 20:18:23
86,whorehay40,1612297103,Doubled Down at 98,https://i.redd.it/w8cbv7vjh4f61.jpg,1612297103.0,"{'author': 'whorehay40', 'created_utc': 1612297103, 'title': 'Doubled Down at 98', 'url': 'https://i.redd.it/w8cbv7vjh4f61.jpg', 'created': 1612297103.0}",2021-02-02 20:18:23
87,jalapenio234,1612297101,First banana for a retarded ape,https://www.reddit.com/r/wallstreetbets/comments/lb5b6u/first_banana_for_a_retarded_ape/,1612297101.0,"{'author': 'jalapenio234', 'created_utc': 1612297101, 'title': 'First banana for a retarded ape', 'url': 'https://www.reddit.com/r/wallstreetbets/comments/lb5b6u/first_banana_for_a_retarded_ape/', 'created': 1612297101.0}",2021-02-02 20:18:21
88,Wack_Shizzles,1612297101,This money would’ve gone to waste either way! 🚀,https://i.redd.it/0ia2vjjjh4f61.jpg,1612297101.0,"{'author': 'Wack_Shizzles', 'created_utc': 1612297101, 'title': 'This money would’ve gone to waste either way! 🚀', 'url': 'https://i.redd.it/0ia2vjjjh4f61.jpg', 'created': 1612297101.0}",2021-02-02 20:18:21
89,Individual-Attorney5,1612297099,Solidarity,https://www.reddit.com/r/wallstreetbets/comments/lb5b5w/solidarity/,1612297099.0,"{'author': 'Individual-Attorney5', 'created_utc': 1612297099, 'title': 'Solidarity', 'url': 'https://www.reddit.com/r/wallstreetbets/comments/lb5b5w/solidarity/', 'created': 1612297099.0}",2021-02-02 20:18:19
90,bibipuh,1612297097,Austria is on board!,https://i.redd.it/8u6mpwr6h4f61.jpg,1612297097.0,"{'author': 'bibipuh', 'created_utc': 1612297097, 'title': 'Austria is on board!', 'url': 'https://i.redd.it/8u6mpwr6h4f61.jpg', 'created': 1612297097.0}",2021-02-02 20:18:17
91,DJShamykins,1612297097,I'm in.,https://i.redd.it/yi101lmgh4f61.png,1612297097.0,"{'author': 'DJShamykins', 'created_utc': 1612297097, 'title': ""I'm in."", 'url': 'https://i.redd.it/yi101lmgh4f61.png', 'created': 1612297097.0}",2021-02-02 20:18:17
92,a_popp,1612297097,WHY CRSR WILL BE THE NEXT BIG RUNNER,https://www.reddit.com/r/wallstreetbets/comments/lb5b4q/why_crsr_will_be_the_next_big_runner/,1612297097.0,"{'author': 'a_popp', 'created_utc': 1612297097, 'title': 'WHY CRSR WILL BE THE NEXT BIG RUNNER', 'url': 'https://www.reddit.com/r/wallstreetbets/comments/lb5b4q/why_crsr_will_be_the_next_big_runner/', 'created': 1612297097.0}",2021-02-02 20:18:17
93,joshcamerong,1612297096,Our Strategic Response,https://www.reddit.com/r/wallstreetbets/comments/lb5b46/our_strategic_response/,1612297096.0,"{'author': 'joshcamerong', 'created_utc': 1612297096, 'title': 'Our Strategic Response', 'url': 'https://www.reddit.com/r/wallstreetbets/comments/lb5b46/our_strategic_response/', 'created': 1612297096.0}",2021-02-02 20:18:16
94,Jeg68,1612297095,Ford stock,https://www.reddit.com/r/wallstreetbets/comments/lb5b3k/ford_stock/,1612297095.0,"{'author': 'Jeg68', 'created_utc': 1612297095, 'title': 'Ford stock', 'url': 'https://www.reddit.com/r/wallstreetbets/comments/lb5b3k/ford_stock/', 'created': 1612297095.0}",2021-02-02 20:18:15
95,HamDog518,1612297095,Hey all. I’m in. Regardless of what happens. GameStop is one of the greatest places. Not that anyone cares about my opinion. Never selling. I’m in for the long haul !!!,https://www.reddit.com/r/wallstreetbets/comments/lb5b3i/hey_all_im_in_regardless_of_what_happens_gamestop/,1612297095.0,"{'author': 'HamDog518', 'created_utc': 1612297095, 'title': 'Hey all. I’m in. Regardless of what happens. GameStop is one of the greatest places. Not that anyone cares about my opinion. Never selling. I’m in for the long haul !!!', 'url': 'https://www.reddit.com/r/wallstreetbets/comments/lb5b3i/hey_all_im_in_regardless_of_what_happens_gamestop/', 'created': 1612297095.0}",2021-02-02 20:18:15
96,[deleted],1612297094,I'm not worried because...,https://i.redd.it/jlrskvvih4f61.jpg,1612297094.0,"{'author': '[deleted]', 'created_utc': 1612297094, 'title': ""I'm not worried because..."", 'url': 'https://i.redd.it/jlrskvvih4f61.jpg', 'created': 1612297094.0}",2021-02-02 20:18:14
97,guynumber20,1612297094,Is this holding ?,https://i.redd.it/15eivmhih4f61.jpg,1612297094.0,"{'author': 'guynumber20', 'created_utc': 1612297094, 'title': 'Is this holding ?', 'url': 'https://i.redd.it/15eivmhih4f61.jpg', 'created': 1612297094.0}",2021-02-02 20:18:14
98,VinceSantoria,1612297093,"AMC SHORTERS HAVE 397,160,000 THAT ALL NEED TO BE RETURNED BY FRIDAY. JUST HOLD IF WE KEEP IT ABOVE $7 THATS 2.78 BILLION THAT WILL GET PUMPED INTO THE STOCK",https://i.redd.it/72xmqatih4f61.jpg,1612297093.0,"{'author': 'VinceSantoria', 'created_utc': 1612297093, 'title': 'AMC SHORTERS HAVE 397,160,000 THAT ALL NEED TO BE RETURNED BY FRIDAY. JUST HOLD IF WE KEEP IT ABOVE $7 THATS 2.78 BILLION THAT WILL GET PUMPED INTO THE STOCK', 'url': 'https://i.redd.it/72xmqatih4f61.jpg', 'created': 1612297093.0}",2021-02-02 20:18:13
99,[deleted],1612297093,GME price down.. Buy more GME to cope! 💎✊,https://i.redd.it/zhrrizmih4f61.png,1612297093.0,"{'author': '[deleted]', 'created_utc': 1612297093, 'title': 'GME price down.. Buy more GME to cope! 💎✊', 'url': 'https://i.redd.it/zhrrizmih4f61.png', 'created': 1612297093.0}",2021-02-02 20:18:13
