,author,created_utc,title,url,created,d_,created_utc_dt
0,Slabstacker83,1613705970,I Like the stock!!! So do the shorties!!!,https://i.redd.it/uz34ob1uuci61.jpg,1613705970.0,"{'author': 'Slabstacker83', 'created_utc': 1613705970, 'title': 'I Like the stock!!! So do the shorties!!!', 'url': 'https://i.redd.it/uz34ob1uuci61.jpg', 'created': 1613705970.0}",2021-02-19 03:39:30
1,TheDrKillJoy,1613705955,"Loss? Nah, I recognize this as a win",https://i.redd.it/p3r9mpjsuci61.jpg,1613705955.0,"{'author': 'TheDrKillJoy', 'created_utc': 1613705955, 'title': 'Loss? Nah, I recognize this as a win', 'url': 'https://i.redd.it/p3r9mpjsuci61.jpg', 'created': 1613705955.0}",2021-02-19 03:39:15
2,Doobeedoowah,1613705946,Legendary,https://i.redd.it/6hdfmvhruci61.jpg,1613705946.0,"{'author': 'Doobeedoowah', 'created_utc': 1613705946, 'title': 'Legendary', 'url': 'https://i.redd.it/6hdfmvhruci61.jpg', 'created': 1613705946.0}",2021-02-19 03:39:06
3,Spencerthegreat2007,1613705937,"I've grown my account from only free stocks, $500 free money so far! I'm taking it to the moon🚀🚀🚀",https://i.redd.it/th17kxkquci61.jpg,1613705937.0,"{'author': 'Spencerthegreat2007', 'created_utc': 1613705937, 'title': ""I've grown my account from only free stocks, $500 free money so far! I'm taking it to the moon🚀🚀🚀"", 'url': 'https://i.redd.it/th17kxkquci61.jpg', 'created': 1613705937.0}",2021-02-19 03:38:57
4,Hanoveriantk,1613705931,Historical stock data,https://www.reddit.com/r/wallstreetbets/comments/ln5oxk/historical_stock_data/,1613705931.0,"{'author': 'Hanoveriantk', 'created_utc': 1613705931, 'title': 'Historical stock data', 'url': 'https://www.reddit.com/r/wallstreetbets/comments/ln5oxk/historical_stock_data/', 'created': 1613705931.0}",2021-02-19 03:38:51
5,ima_lil_stitious,1613705924,"Offered $69,420 for some land...",https://www.reddit.com/r/wallstreetbets/comments/ln5oug/offered_69420_for_some_land/,1613705924.0,"{'author': 'ima_lil_stitious', 'created_utc': 1613705924, 'title': 'Offered $69,420 for some land...', 'url': 'https://www.reddit.com/r/wallstreetbets/comments/ln5oug/offered_69420_for_some_land/', 'created': 1613705924.0}",2021-02-19 03:38:44
6,tuangeek,1613705899,I made a website to track wsb sentiment and stonk mentions,https://wsbsentiment.io,1613705899.0,"{'author': 'tuangeek', 'created_utc': 1613705899, 'title': 'I made a website to track wsb sentiment and stonk mentions', 'url': 'https://wsbsentiment.io', 'created': 1613705899.0}",2021-02-19 03:38:19
7,Rellkedge,1613705874,7th time trying to post this,https://i.redd.it/1qxqgqujuci61.jpg,1613705874.0,"{'author': 'Rellkedge', 'created_utc': 1613705874, 'title': '7th time trying to post this', 'url': 'https://i.redd.it/1qxqgqujuci61.jpg', 'created': 1613705874.0}",2021-02-19 03:37:54
8,Quiet_Philosopher286,1613705836,Fubotv Good Stock to take a look at...,https://i.redd.it/7w224ptfuci61.jpg,1613705836.0,"{'author': 'Quiet_Philosopher286', 'created_utc': 1613705836, 'title': 'Fubotv Good Stock to take a look at...', 'url': 'https://i.redd.it/7w224ptfuci61.jpg', 'created': 1613705836.0}",2021-02-19 03:37:16
9,Educational-Ad-8357,1613705836,SCR primed to snatch the Canadian Sports betting Market (Sorry guys not a penny stock),https://www.reddit.com/r/wallstreetbets/comments/ln5ntc/scr_primed_to_snatch_the_canadian_sports_betting/,1613705836.0,"{'author': 'Educational-Ad-8357', 'created_utc': 1613705836, 'title': 'SCR primed to snatch the Canadian Sports betting Market (Sorry guys not a penny stock)', 'url': 'https://www.reddit.com/r/wallstreetbets/comments/ln5ntc/scr_primed_to_snatch_the_canadian_sports_betting/', 'created': 1613705836.0}",2021-02-19 03:37:16
10,bigpapa901,1613705776,Lululemon DD by yours truly #JoeDirtBuffet,https://www.reddit.com/r/wallstreetbets/comments/ln5n4m/lululemon_dd_by_yours_truly_joedirtbuffet/,1613705776.0,"{'author': 'bigpapa901', 'created_utc': 1613705776, 'title': 'Lululemon DD by yours truly #JoeDirtBuffet', 'url': 'https://www.reddit.com/r/wallstreetbets/comments/ln5n4m/lululemon_dd_by_yours_truly_joedirtbuffet/', 'created': 1613705776.0}",2021-02-19 03:36:16
11,OfficialThaiOlea,1613705764,Anyone have their eye on Nutritional High yet? $SPLIF,https://www.reddit.com/r/wallstreetbets/comments/ln5mzi/anyone_have_their_eye_on_nutritional_high_yet/,1613705764.0,"{'author': 'OfficialThaiOlea', 'created_utc': 1613705764, 'title': 'Anyone have their eye on Nutritional High yet? $SPLIF', 'url': 'https://www.reddit.com/r/wallstreetbets/comments/ln5mzi/anyone_have_their_eye_on_nutritional_high_yet/', 'created': 1613705764.0}",2021-02-19 03:36:04
12,brownboyonreddit,1613705737,started investing this year lol,https://i.redd.it/1fnwmi45uci61.jpg,1613705737.0,"{'author': 'brownboyonreddit', 'created_utc': 1613705737, 'title': 'started investing this year lol', 'url': 'https://i.redd.it/1fnwmi45uci61.jpg', 'created': 1613705737.0}",2021-02-19 03:35:37
13,MakeMoneyWSB,1613705713,"Feb 18, 2021 | Today's Top 25 WSB Tickers",https://www.reddit.com/r/wallstreetbets/comments/ln5mex/feb_18_2021_todays_top_25_wsb_tickers/,1613705713.0,"{'author': 'MakeMoneyWSB', 'created_utc': 1613705713, 'title': ""Feb 18, 2021 | Today's Top 25 WSB Tickers"", 'url': 'https://www.reddit.com/r/wallstreetbets/comments/ln5mex/feb_18_2021_todays_top_25_wsb_tickers/', 'created': 1613705713.0}",2021-02-19 03:35:13
14,Darkseid346,1613705709,A Message for CNBC,https://www.reddit.com/r/wallstreetbets/comments/ln5md0/a_message_for_cnbc/,1613705709.0,"{'author': 'Darkseid346', 'created_utc': 1613705709, 'title': 'A Message for CNBC', 'url': 'https://www.reddit.com/r/wallstreetbets/comments/ln5md0/a_message_for_cnbc/', 'created': 1613705709.0}",2021-02-19 03:35:09
15,habibnoor12,1613705692,1st time in my life I have bought at EXACTYLY the lowest point intraday,https://www.reddit.com/gallery/ln5m6x,1613705692.0,"{'author': 'habibnoor12', 'created_utc': 1613705692, 'title': '1st time in my life I have bought at EXACTYLY the lowest point intraday', 'url': 'https://www.reddit.com/gallery/ln5m6x', 'created': 1613705692.0}",2021-02-19 03:34:52
16,0xA455,1613705691,Perseverance releases first images from surface of Mars,https://i.redd.it/irsg2hvttci61.jpg,1613705691.0,"{'author': '0xA455', 'created_utc': 1613705691, 'title': 'Perseverance releases first images from surface of Mars', 'url': 'https://i.redd.it/irsg2hvttci61.jpg', 'created': 1613705691.0}",2021-02-19 03:34:51
17,Stay-with-it,1613705680,PLTR will go super high tomorrow!,https://www.reddit.com/r/wallstreetbets/comments/ln5m20/pltr_will_go_super_high_tomorrow/,1613705680.0,"{'author': 'Stay-with-it', 'created_utc': 1613705680, 'title': 'PLTR will go super high tomorrow!', 'url': 'https://www.reddit.com/r/wallstreetbets/comments/ln5m20/pltr_will_go_super_high_tomorrow/', 'created': 1613705680.0}",2021-02-19 03:34:40
18,HelpMeOutLmao,1613705655,Let your money make more money for free,https://www.reddit.com/r/wallstreetbets/comments/ln5lrf/let_your_money_make_more_money_for_free/,1613705655.0,"{'author': 'HelpMeOutLmao', 'created_utc': 1613705655, 'title': 'Let your money make more money for free', 'url': 'https://www.reddit.com/r/wallstreetbets/comments/ln5lrf/let_your_money_make_more_money_for_free/', 'created': 1613705655.0}",2021-02-19 03:34:15
19,georon93,1613705643,How I imagined (hoped) the hearing went,https://i.redd.it/8vkvvuxutci61.jpg,1613705643.0,"{'author': 'georon93', 'created_utc': 1613705643, 'title': 'How I imagined (hoped) the hearing went', 'url': 'https://i.redd.it/8vkvvuxutci61.jpg', 'created': 1613705643.0}",2021-02-19 03:34:03
20,dohtem213,1613705638,All you SCHMUTS Missing out on Shitadel getting shitted on! Such a stress reliever!!,https://streamable.com/kgx3xl,1613705638.0,"{'author': 'dohtem213', 'created_utc': 1613705638, 'title': 'All you SCHMUTS Missing out on Shitadel getting shitted on! Such a stress reliever!!', 'url': 'https://streamable.com/kgx3xl', 'created': 1613705638.0}",2021-02-19 03:33:58
21,pchaussalet,1613705628,I am no retard...,https://i.redd.it/lukwjvhttci61.jpg,1613705628.0,"{'author': 'pchaussalet', 'created_utc': 1613705628, 'title': 'I am no retard...', 'url': 'https://i.redd.it/lukwjvhttci61.jpg', 'created': 1613705628.0}",2021-02-19 03:33:48
22,Slabstacker83,1613705594,Shorts love SNDL!!! Time for another squeeze!!!,https://i.redd.it/lwxa9hsptci61.jpg,1613705594.0,"{'author': 'Slabstacker83', 'created_utc': 1613705594, 'title': 'Shorts love SNDL!!! Time for another squeeze!!!', 'url': 'https://i.redd.it/lwxa9hsptci61.jpg', 'created': 1613705594.0}",2021-02-19 03:33:14
23,betts7,1613705561,The Audacity in this Bitch,https://i.redd.it/e1nu1e7mtci61.jpg,1613705561.0,"{'author': 'betts7', 'created_utc': 1613705561, 'title': 'The Audacity in this Bitch', 'url': 'https://i.redd.it/e1nu1e7mtci61.jpg', 'created': 1613705561.0}",2021-02-19 03:32:41
24,HelpMeOutLmao,1613705521,Let your money make more money for free,https://www.reddit.com/r/wallstreetbets/comments/ln5k3z/let_your_money_make_more_money_for_free/,1613705521.0,"{'author': 'HelpMeOutLmao', 'created_utc': 1613705521, 'title': 'Let your money make more money for free', 'url': 'https://www.reddit.com/r/wallstreetbets/comments/ln5k3z/let_your_money_make_more_money_for_free/', 'created': 1613705521.0}",2021-02-19 03:32:01
25,AustinPowers007,1613705508,loss hype train,https://www.reddit.com/r/wallstreetbets/comments/ln5jyc/loss_hype_train/,1613705508.0,"{'author': 'AustinPowers007', 'created_utc': 1613705508, 'title': 'loss hype train', 'url': 'https://www.reddit.com/r/wallstreetbets/comments/ln5jyc/loss_hype_train/', 'created': 1613705508.0}",2021-02-19 03:31:48
26,InteractionWaste1546,1613705506,This stock is on sale ART.V,https://www.reddit.com/r/wallstreetbets/comments/ln5jxo/this_stock_is_on_sale_artv/,1613705506.0,"{'author': 'InteractionWaste1546', 'created_utc': 1613705506, 'title': 'This stock is on sale ART.V', 'url': 'https://www.reddit.com/r/wallstreetbets/comments/ln5jxo/this_stock_is_on_sale_artv/', 'created': 1613705506.0}",2021-02-19 03:31:46
27,AcekingKing79,1613705459,DFV has spoken. Hold the line!,https://i.redd.it/c1wz0ddbtci61.jpg,1613705459.0,"{'author': 'AcekingKing79', 'created_utc': 1613705459, 'title': 'DFV has spoken. Hold the line!', 'url': 'https://i.redd.it/c1wz0ddbtci61.jpg', 'created': 1613705459.0}",2021-02-19 03:30:59
28,noahking767,1613705456,business strategy — Healthier Choices Management Corp,https://www.healthiercmc.com/business-strategy-1?fbclid=IwAR0Y8xw2N1i4ZX8BVRmZEhE96AR07An081fncBXLsvlGFKWe0qZ6MtdvSvQ,1613705456.0,"{'author': 'noahking767', 'created_utc': 1613705456, 'title': 'business strategy — Healthier Choices Management Corp', 'url': 'https://www.healthiercmc.com/business-strategy-1?fbclid=IwAR0Y8xw2N1i4ZX8BVRmZEhE96AR07An081fncBXLsvlGFKWe0qZ6MtdvSvQ', 'created': 1613705456.0}",2021-02-19 03:30:56
29,dohtem213,1613705373,For all you SCHMUTS missing out on Citadel CEO getting shut down! Here's the Video! ENABLE VIDEOS WSB!,https://vimeo.com/user134005554/review/514124744/60491dd2e3,1613705373.0,"{'author': 'dohtem213', 'created_utc': 1613705373, 'title': ""For all you SCHMUTS missing out on Citadel CEO getting shut down! Here's the Video! ENABLE VIDEOS WSB!"", 'url': 'https://vimeo.com/user134005554/review/514124744/60491dd2e3', 'created': 1613705373.0}",2021-02-19 03:29:33
30,CappedCrib,1613705372,CNBC is really not holding back I see,https://i.redd.it/a7sc4l32tci61.jpg,1613705372.0,"{'author': 'CappedCrib', 'created_utc': 1613705372, 'title': 'CNBC is really not holding back I see', 'url': 'https://i.redd.it/a7sc4l32tci61.jpg', 'created': 1613705372.0}",2021-02-19 03:29:32
31,PWNWTFBBQ,1613705368,That's a great question,https://i.redd.it/1sabo4qzsci61.jpg,1613705368.0,"{'author': 'PWNWTFBBQ', 'created_utc': 1613705368, 'title': ""That's a great question"", 'url': 'https://i.redd.it/1sabo4qzsci61.jpg', 'created': 1613705368.0}",2021-02-19 03:29:28
32,ChickenPedler,1613705348,Nearly pissed myself reading this quote tonight!!!,https://i.redd.it/nruphfkzsci61.jpg,1613705348.0,"{'author': 'ChickenPedler', 'created_utc': 1613705348, 'title': 'Nearly pissed myself reading this quote tonight!!!', 'url': 'https://i.redd.it/nruphfkzsci61.jpg', 'created': 1613705348.0}",2021-02-19 03:29:08
33,PWNWTFBBQ,1613705331,Every fucking time.,https://i.redd.it/7p8u63fvsci61.jpg,1613705331.0,"{'author': 'PWNWTFBBQ', 'created_utc': 1613705331, 'title': 'Every fucking time.', 'url': 'https://i.redd.it/7p8u63fvsci61.jpg', 'created': 1613705331.0}",2021-02-19 03:28:51
34,Cory-R1,1613705316,$SNDL is $2.71-$3.25,https://www.reddit.com/r/wallstreetbets/comments/ln5hmv/sndl_is_271325/,1613705316.0,"{'author': 'Cory-R1', 'created_utc': 1613705316, 'title': '$SNDL is $2.71-$3.25', 'url': 'https://www.reddit.com/r/wallstreetbets/comments/ln5hmv/sndl_is_271325/', 'created': 1613705316.0}",2021-02-19 03:28:36
35,MrSublimeTime,1613705300,A battle cry I can get behind,https://i.redd.it/ppqs7l9usci61.jpg,1613705300.0,"{'author': 'MrSublimeTime', 'created_utc': 1613705300, 'title': 'A battle cry I can get behind', 'url': 'https://i.redd.it/ppqs7l9usci61.jpg', 'created': 1613705300.0}",2021-02-19 03:28:20
36,Hairy-Match990,1613705282,Your CEO’s a Busta and DFV’s a Hustla,https://i.redd.it/nhmcn3gssci61.jpg,1613705282.0,"{'author': 'Hairy-Match990', 'created_utc': 1613705282, 'title': 'Your CEO’s a Busta and DFV’s a Hustla', 'url': 'https://i.redd.it/nhmcn3gssci61.jpg', 'created': 1613705282.0}",2021-02-19 03:28:02
37,PerfectTradition,1613705270,"""I Like The Stock"" - DFV",https://i.redd.it/2sllusujsci61.jpg,1613705270.0,"{'author': 'PerfectTradition', 'created_utc': 1613705270, 'title': '""I Like The Stock"" - DFV', 'url': 'https://i.redd.it/2sllusujsci61.jpg', 'created': 1613705270.0}",2021-02-19 03:27:50
38,betatest2020,1613705224,Should I sell Tesla?,https://www.reddit.com/r/wallstreetbets/comments/ln5gk8/should_i_sell_tesla/,1613705224.0,"{'author': 'betatest2020', 'created_utc': 1613705224, 'title': 'Should I sell Tesla?', 'url': 'https://www.reddit.com/r/wallstreetbets/comments/ln5gk8/should_i_sell_tesla/', 'created': 1613705224.0}",2021-02-19 03:27:04
39,The_Grahambo,1613705202,New subscriber education: Is Wall Street Bets right for you?,https://i.redd.it/a98wey1gsci61.jpg,1613705202.0,"{'author': 'The_Grahambo', 'created_utc': 1613705202, 'title': 'New subscriber education: Is Wall Street Bets right for you?', 'url': 'https://i.redd.it/a98wey1gsci61.jpg', 'created': 1613705202.0}",2021-02-19 03:26:42
40,GrilledCookie,1613705186,"I’m not saying it’s him, I’m saying it’s possible",https://i.redd.it/mecvj85isci61.jpg,1613705186.0,"{'author': 'GrilledCookie', 'created_utc': 1613705186, 'title': 'I’m not saying it’s him, I’m saying it’s possible', 'url': 'https://i.redd.it/mecvj85isci61.jpg', 'created': 1613705186.0}",2021-02-19 03:26:26
41,moo-va-long,1613705166,/u/apb14 did it. What a legend.,http://www.gabrielplotkin.com,1613705166.0,"{'author': 'moo-va-long', 'created_utc': 1613705166, 'title': '/u/apb14 did it. What a legend.', 'url': 'http://www.gabrielplotkin.com', 'created': 1613705166.0}",2021-02-19 03:26:06
42,No_Law8798,1613705086,Here’s what I’ll be buying tomorrow/Monday.,https://www.reddit.com/r/wallstreetbets/comments/ln5ez3/heres_what_ill_be_buying_tomorrowmonday/,1613705086.0,"{'author': 'No_Law8798', 'created_utc': 1613705086, 'title': 'Here’s what I’ll be buying tomorrow/Monday.', 'url': 'https://www.reddit.com/r/wallstreetbets/comments/ln5ez3/heres_what_ill_be_buying_tomorrowmonday/', 'created': 1613705086.0}",2021-02-19 03:24:46
43,georon93,1613705086,How I imagined (hoped) the hearing went,https://i.redd.it/3e0gqeb7sci61.jpg,1613705086.0,"{'author': 'georon93', 'created_utc': 1613705086, 'title': 'How I imagined (hoped) the hearing went', 'url': 'https://i.redd.it/3e0gqeb7sci61.jpg', 'created': 1613705086.0}",2021-02-19 03:24:46
44,FTWBull69,1613705047,Oil bull trade done?,https://www.reddit.com/r/wallstreetbets/comments/ln5ehn/oil_bull_trade_done/,1613705047.0,"{'author': 'FTWBull69', 'created_utc': 1613705047, 'title': 'Oil bull trade done?', 'url': 'https://www.reddit.com/r/wallstreetbets/comments/ln5ehn/oil_bull_trade_done/', 'created': 1613705047.0}",2021-02-19 03:24:07
45,jettcyt,1613705032,Summarization of Vlad the Stock Impaler's testimony today,https://i.redd.it/cbjkxyh0sci61.png,1613705032.0,"{'author': 'jettcyt', 'created_utc': 1613705032, 'title': ""Summarization of Vlad the Stock Impaler's testimony today"", 'url': 'https://i.redd.it/cbjkxyh0sci61.png', 'created': 1613705032.0}",2021-02-19 03:23:52
46,RaigonX,1613704970,"Let’s say RH does get a hefty fine for screwing over retail traders. With what WSB knows, will the next meme stock be able to reach its potential because RH is too scared to limit orders again?",https://www.reddit.com/r/wallstreetbets/comments/ln5dna/lets_say_rh_does_get_a_hefty_fine_for_screwing/,1613704970.0,"{'author': 'RaigonX', 'created_utc': 1613704970, 'title': 'Let’s say RH does get a hefty fine for screwing over retail traders. With what WSB knows, will the next meme stock be able to reach its potential because RH is too scared to limit orders again?', 'url': 'https://www.reddit.com/r/wallstreetbets/comments/ln5dna/lets_say_rh_does_get_a_hefty_fine_for_screwing/', 'created': 1613704970.0}",2021-02-19 03:22:50
47,thefriendlyhacker,1613704927,New Picture from NASA on Mars,https://imgur.com/dzETtXI.jpg,1613704927.0,"{'author': 'thefriendlyhacker', 'created_utc': 1613704927, 'title': 'New Picture from NASA on Mars', 'url': 'https://imgur.com/dzETtXI.jpg', 'created': 1613704927.0}",2021-02-19 03:22:07
48,knuckledragger59,1613704926,They did the dd for us #bbby........anyone?,https://i.redd.it/9kbbc09qrci61.jpg,1613704926.0,"{'author': 'knuckledragger59', 'created_utc': 1613704926, 'title': 'They did the dd for us #bbby........anyone?', 'url': 'https://i.redd.it/9kbbc09qrci61.jpg', 'created': 1613704926.0}",2021-02-19 03:22:06
49,Justinhendo,1613704905,U/spez sippin on a hazy IPA during hearing,https://i.redd.it/5fvi4f0orci61.jpg,1613704905.0,"{'author': 'Justinhendo', 'created_utc': 1613704905, 'title': 'U/spez sippin on a hazy IPA during hearing', 'url': 'https://i.redd.it/5fvi4f0orci61.jpg', 'created': 1613704905.0}",2021-02-19 03:21:45
50,flippingrich,1613704881,Unusual following activity: Jon Najarian likes fake tits forever and a whole bunch of other “model” accounts... love his options picks but lol @his 440 follows,https://i.redd.it/m5nds1klrci61.jpg,1613704881.0,"{'author': 'flippingrich', 'created_utc': 1613704881, 'title': 'Unusual following activity: Jon Najarian likes fake tits forever and a whole bunch of other “model” accounts... love his options picks but lol @his 440 follows', 'url': 'https://i.redd.it/m5nds1klrci61.jpg', 'created': 1613704881.0}",2021-02-19 03:21:21
51,Jermaine_Buffet,1613704881,More Great News from American Green! ($ERBB),https://www.reddit.com/r/wallstreetbets/comments/ln5cm2/more_great_news_from_american_green_erbb/,1613704881.0,"{'author': 'Jermaine_Buffet', 'created_utc': 1613704881, 'title': 'More Great News from American Green! ($ERBB)', 'url': 'https://www.reddit.com/r/wallstreetbets/comments/ln5cm2/more_great_news_from_american_green_erbb/', 'created': 1613704881.0}",2021-02-19 03:21:21
52,Wallstreetdrive,1613704862,🪴🪴😉🪴🪴we drive money to fair reasons 🪴🪴,https://i.redd.it/he1z77ejrci61.jpg,1613704862.0,"{'author': 'Wallstreetdrive', 'created_utc': 1613704862, 'title': '\U0001fab4\U0001fab4😉\U0001fab4\U0001fab4we drive money to fair reasons \U0001fab4\U0001fab4', 'url': 'https://i.redd.it/he1z77ejrci61.jpg', 'created': 1613704862.0}",2021-02-19 03:21:02
53,7eightie,1613704857,The resemblance is uncanny!,https://i.redd.it/eq7l8utirci61.jpg,1613704857.0,"{'author': '7eightie', 'created_utc': 1613704857, 'title': 'The resemblance is uncanny!', 'url': 'https://i.redd.it/eq7l8utirci61.jpg', 'created': 1613704857.0}",2021-02-19 03:20:57
54,Equivalent-Guide-745,1613704830,Is the Congress hearing a joke?,https://www.reddit.com/r/wallstreetbets/comments/ln5c1f/is_the_congress_hearing_a_joke/,1613704830.0,"{'author': 'Equivalent-Guide-745', 'created_utc': 1613704830, 'title': 'Is the Congress hearing a joke?', 'url': 'https://www.reddit.com/r/wallstreetbets/comments/ln5c1f/is_the_congress_hearing_a_joke/', 'created': 1613704830.0}",2021-02-19 03:20:30
55,Alekozai,1613704747,The lie of Free and Fair Markets.,https://www.reddit.com/r/wallstreetbets/comments/ln5b3t/the_lie_of_free_and_fair_markets/,1613704747.0,"{'author': 'Alekozai', 'created_utc': 1613704747, 'title': 'The lie of Free and Fair Markets.', 'url': 'https://www.reddit.com/r/wallstreetbets/comments/ln5b3t/the_lie_of_free_and_fair_markets/', 'created': 1613704747.0}",2021-02-19 03:19:07
56,zurbotron,1613704731,Container Shipping is on Fire | Join the Party with Call Spreads on NMM,https://www.reddit.com/r/wallstreetbets/comments/ln5awl/container_shipping_is_on_fire_join_the_party_with/,1613704731.0,"{'author': 'zurbotron', 'created_utc': 1613704731, 'title': 'Container Shipping is on Fire | Join the Party with Call Spreads on NMM', 'url': 'https://www.reddit.com/r/wallstreetbets/comments/ln5awl/container_shipping_is_on_fire_join_the_party_with/', 'created': 1613704731.0}",2021-02-19 03:18:51
57,MasterInvestigator77,1613704717,"I have my AMC options and I am holding my shares, but the overall coin market is fascinating right now. Far more intriguing than the lame stock market. 🦍",http://coinbase.com/join/harow_e?src=ios-link,1613704717.0,"{'author': 'MasterInvestigator77', 'created_utc': 1613704717, 'title': 'I have my AMC options and I am holding my shares, but the overall coin market is fascinating right now. Far more intriguing than the lame stock market. 🦍', 'url': 'http://coinbase.com/join/harow_e?src=ios-link', 'created': 1613704717.0}",2021-02-19 03:18:37
58,Mernerak,1613704707,The Elon giveth,https://i.redd.it/jk5od4rzqci61.png,1613704707.0,"{'author': 'Mernerak', 'created_utc': 1613704707, 'title': 'The Elon giveth', 'url': 'https://i.redd.it/jk5od4rzqci61.png', 'created': 1613704707.0}",2021-02-19 03:18:27
59,MakeMoneyWSB,1613704697,"Feb 18, 2021 | Today's Top 25 WSB Tickers",https://www.reddit.com/r/wallstreetbets/comments/ln5ai8/feb_18_2021_todays_top_25_wsb_tickers/,1613704697.0,"{'author': 'MakeMoneyWSB', 'created_utc': 1613704697, 'title': ""Feb 18, 2021 | Today's Top 25 WSB Tickers"", 'url': 'https://www.reddit.com/r/wallstreetbets/comments/ln5ai8/feb_18_2021_todays_top_25_wsb_tickers/', 'created': 1613704697.0}",2021-02-19 03:18:17
60,Orange_North,1613704678,"Bruh, make it stop -6.7k canadian ruperoos",https://i.redd.it/wlfw30zsqci61.png,1613704678.0,"{'author': 'Orange_North', 'created_utc': 1613704678, 'title': 'Bruh, make it stop -6.7k canadian ruperoos', 'url': 'https://i.redd.it/wlfw30zsqci61.png', 'created': 1613704678.0}",2021-02-19 03:17:58
61,coveyleader,1613704652,USDA,https://www.reddit.com/r/wallstreetbets/comments/ln5a1g/usda/,1613704652.0,"{'author': 'coveyleader', 'created_utc': 1613704652, 'title': 'USDA', 'url': 'https://www.reddit.com/r/wallstreetbets/comments/ln5a1g/usda/', 'created': 1613704652.0}",2021-02-19 03:17:32
62,austin_hippiecrit,1613704630,DYAI.....not much float,https://www.reddit.com/r/wallstreetbets/comments/ln59s5/dyainot_much_float/,1613704630.0,"{'author': 'austin_hippiecrit', 'created_utc': 1613704630, 'title': 'DYAI.....not much float', 'url': 'https://www.reddit.com/r/wallstreetbets/comments/ln59s5/dyainot_much_float/', 'created': 1613704630.0}",2021-02-19 03:17:10
63,noPTSDformePlease,1613704587,literally Billions of dollars worth of rocket scientists,https://www.reddit.com/r/wallstreetbets/comments/ln59bt/literally_billions_of_dollars_worth_of_rocket/,1613704587.0,"{'author': 'noPTSDformePlease', 'created_utc': 1613704587, 'title': 'literally Billions of dollars worth of rocket scientists', 'url': 'https://www.reddit.com/r/wallstreetbets/comments/ln59bt/literally_billions_of_dollars_worth_of_rocket/', 'created': 1613704587.0}",2021-02-19 03:16:27
64,MoistCleanser,1613704558,420.69 baby! Been seeing this number thrown around left and right and would ya fooking look at that.,https://www.reddit.com/gallery/ln58z1,1613704558.0,"{'author': 'MoistCleanser', 'created_utc': 1613704558, 'title': '420.69 baby! Been seeing this number thrown around left and right and would ya fooking look at that.', 'url': 'https://www.reddit.com/gallery/ln58z1', 'created': 1613704558.0}",2021-02-19 03:15:58
65,SSMilion,1613704553,"$SNDL , $ TLRY 37 Members Of Congress Ask Biden To Issue Mass Marijuana Pardons Ahead Of Legalization",https://www.marijuanamoment.net/37-members-of-congress-ask-biden-to-issue-mass-marijuana-pardons-ahead-of-legalization/,1613704553.0,"{'author': 'SSMilion', 'created_utc': 1613704553, 'title': '$SNDL , $ TLRY 37 Members Of Congress Ask Biden To Issue Mass Marijuana Pardons Ahead Of Legalization', 'url': 'https://www.marijuanamoment.net/37-members-of-congress-ask-biden-to-issue-mass-marijuana-pardons-ahead-of-legalization/', 'created': 1613704553.0}",2021-02-19 03:15:53
66,Hoppus87,1613704546,Dora dick with ears has something to say...,https://youtu.be/TAO9ZC5GLu4,1613704546.0,"{'author': 'Hoppus87', 'created_utc': 1613704546, 'title': 'Dora dick with ears has something to say...', 'url': 'https://youtu.be/TAO9ZC5GLu4', 'created': 1613704546.0}",2021-02-19 03:15:46
67,Navajo_Nation,1613704520,"GameStop, Robinhood hearing, Post Hearing Discussion Thread:",https://www.reddit.com/r/wallstreetbets/comments/ln58jo/gamestop_robinhood_hearing_post_hearing/,1613704520.0,"{'author': 'Navajo_Nation', 'created_utc': 1613704520, 'title': 'GameStop, Robinhood hearing, Post Hearing Discussion Thread:', 'url': 'https://www.reddit.com/r/wallstreetbets/comments/ln58jo/gamestop_robinhood_hearing_post_hearing/', 'created': 1613704520.0}",2021-02-19 03:15:20
68,wait-what_was_that,1613704453,yes indeed he aged well..,https://i.redd.it/6sas7bh7qci61.jpg,1613704453.0,"{'author': 'wait-what_was_that', 'created_utc': 1613704453, 'title': 'yes indeed he aged well..', 'url': 'https://i.redd.it/6sas7bh7qci61.jpg', 'created': 1613704453.0}",2021-02-19 03:14:13
69,The_Grahambo,1613704445,"We need to talk about what this sub is, and what it is NOT",https://www.reddit.com/r/wallstreetbets/comments/ln57nu/we_need_to_talk_about_what_this_sub_is_and_what/,1613704445.0,"{'author': 'The_Grahambo', 'created_utc': 1613704445, 'title': 'We need to talk about what this sub is, and what it is NOT', 'url': 'https://www.reddit.com/r/wallstreetbets/comments/ln57nu/we_need_to_talk_about_what_this_sub_is_and_what/', 'created': 1613704445.0}",2021-02-19 03:14:05
70,CoeurdePirate222,1613704418,Do I belong? Is this the way?,https://i.redd.it/w3nmvqu7qci61.jpg,1613704418.0,"{'author': 'CoeurdePirate222', 'created_utc': 1613704418, 'title': 'Do I belong? Is this the way?', 'url': 'https://i.redd.it/w3nmvqu7qci61.jpg', 'created': 1613704418.0}",2021-02-19 03:13:38
71,Drippy-G,1613704407,"Scrubbed from Robinhood. Evidently the most popular stocks on their platform is now a secret. Search it yourself, it was working fine until Mr. Wolf arrived.",https://i.redd.it/10ijy3q6qci61.jpg,1613704407.0,"{'author': 'Drippy-G', 'created_utc': 1613704407, 'title': 'Scrubbed from Robinhood. Evidently the most popular stocks on their platform is now a secret. Search it yourself, it was working fine until Mr. Wolf arrived.', 'url': 'https://i.redd.it/10ijy3q6qci61.jpg', 'created': 1613704407.0}",2021-02-19 03:13:27
72,carmas530,1613704399,"Shorts keep attacking, now it’s against UAVS",https://www.reddit.com/r/wallstreetbets/comments/ln5749/shorts_keep_attacking_now_its_against_uavs/,1613704399.0,"{'author': 'carmas530', 'created_utc': 1613704399, 'title': 'Shorts keep attacking, now it’s against UAVS', 'url': 'https://www.reddit.com/r/wallstreetbets/comments/ln5749/shorts_keep_attacking_now_its_against_uavs/', 'created': 1613704399.0}",2021-02-19 03:13:19
73,whiteowl817,1613704396,"I was so electric after watching DFV speak at the Gamestop Congressional Hearings I made a rap about it. I call it ""I like the stock""",https://www.youtube.com/watch?v=qh_VYOLAIqM&amp;feature=youtu.be&amp;ab_channel=WhiteOwl,1613704396.0,"{'author': 'whiteowl817', 'created_utc': 1613704396, 'title': 'I was so electric after watching DFV speak at the Gamestop Congressional Hearings I made a rap about it. I call it ""I like the stock""', 'url': 'https://www.youtube.com/watch?v=qh_VYOLAIqM&amp;feature=youtu.be&amp;ab_channel=WhiteOwl', 'created': 1613704396.0}",2021-02-19 03:13:16
74,RealVoX_E,1613704395,Best time to buy in to $GME,https://i.redd.it/vnv436g5qci61.jpg,1613704395.0,"{'author': 'RealVoX_E', 'created_utc': 1613704395, 'title': 'Best time to buy in to $GME', 'url': 'https://i.redd.it/vnv436g5qci61.jpg', 'created': 1613704395.0}",2021-02-19 03:13:15
75,2_rip,1613704388,Am I doing this right?,https://i.redd.it/y1wjseq2qci61.jpg,1613704388.0,"{'author': '2_rip', 'created_utc': 1613704388, 'title': 'Am I doing this right?', 'url': 'https://i.redd.it/y1wjseq2qci61.jpg', 'created': 1613704388.0}",2021-02-19 03:13:08
76,PrOfEsSiOnAlSALES,1613704377,What should be the next stock to flip the market?,https://www.reddit.com/r/wallstreetbets/comments/ln56u3/what_should_be_the_next_stock_to_flip_the_market/,1613704377.0,"{'author': 'PrOfEsSiOnAlSALES', 'created_utc': 1613704377, 'title': 'What should be the next stock to flip the market?', 'url': 'https://www.reddit.com/r/wallstreetbets/comments/ln56u3/what_should_be_the_next_stock_to_flip_the_market/', 'created': 1613704377.0}",2021-02-19 03:12:57
77,Competitive-Pop-802,1613704377,Dividend Strategy With Stakeholder Capitalism Tip For Chairman of The Board,https://www.canva.com/design/DAEWiLLhPD8/Dj8LETvBeU5YjX5sBzhMQw/view?website#2:strategy,1613704377.0,"{'author': 'Competitive-Pop-802', 'created_utc': 1613704377, 'title': 'Dividend Strategy With Stakeholder Capitalism Tip For Chairman of The Board', 'url': 'https://www.canva.com/design/DAEWiLLhPD8/Dj8LETvBeU5YjX5sBzhMQw/view?website#2:strategy', 'created': 1613704377.0}",2021-02-19 03:12:57
78,CappedCrib,1613704371,"There’s an easy way to do things, and there’s a right a way to do things",https://i.redd.it/92h407y2qci61.jpg,1613704371.0,"{'author': 'CappedCrib', 'created_utc': 1613704371, 'title': 'There’s an easy way to do things, and there’s a right a way to do things', 'url': 'https://i.redd.it/92h407y2qci61.jpg', 'created': 1613704371.0}",2021-02-19 03:12:51
79,Momomiat2021,1613704320,AMC,https://www.reddit.com/r/wallstreetbets/comments/ln565r/amc/,1613704320.0,"{'author': 'Momomiat2021', 'created_utc': 1613704320, 'title': 'AMC', 'url': 'https://www.reddit.com/r/wallstreetbets/comments/ln565r/amc/', 'created': 1613704320.0}",2021-02-19 03:12:00
80,melancholy_jacko,1613704316,YES OR NO,https://www.reddit.com/r/wallstreetbets/comments/ln5645/yes_or_no/,1613704316.0,"{'author': 'melancholy_jacko', 'created_utc': 1613704316, 'title': 'YES OR NO', 'url': 'https://www.reddit.com/r/wallstreetbets/comments/ln5645/yes_or_no/', 'created': 1613704316.0}",2021-02-19 03:11:56
81,Competitive-Pop-802,1613704277,Dividend Strategy with Stakeholder Capitalism Chairman of the Board Tip ...,https://youtube.com/watch?v=EoHbowANr-U&amp;feature=share,1613704277.0,"{'author': 'Competitive-Pop-802', 'created_utc': 1613704277, 'title': 'Dividend Strategy with Stakeholder Capitalism Chairman of the Board Tip ...', 'url': 'https://youtube.com/watch?v=EoHbowANr-U&amp;feature=share', 'created': 1613704277.0}",2021-02-19 03:11:17
82,RepresentativeIll627,1613704272,EVERY DFV TWEET ON GME SINCE 8 NOV 2020 (thank me later) 🚀🚀🚀🚀🚀,https://vimeo.com/514120428,1613704272.0,"{'author': 'RepresentativeIll627', 'created_utc': 1613704272, 'title': 'EVERY DFV TWEET ON GME SINCE 8 NOV 2020 (thank me later) 🚀🚀🚀🚀🚀', 'url': 'https://vimeo.com/514120428', 'created': 1613704272.0}",2021-02-19 03:11:12
83,TheAmeritrader,1613704265,"It ain’t much, but it’s honest work",https://i.redd.it/f66mwjirpci61.jpg,1613704265.0,"{'author': 'TheAmeritrader', 'created_utc': 1613704265, 'title': 'It ain’t much, but it’s honest work', 'url': 'https://i.redd.it/f66mwjirpci61.jpg', 'created': 1613704265.0}",2021-02-19 03:11:05
84,gatewayr2,1613704263,Geltec? Does anyone follow this company? I looked at their website and it seems to be a product that would be a solution in many cases to save homes with fires particularly in california. It has been endorsed by many in the firefighting community and today increased 44 percent,https://www.reddit.com/r/wallstreetbets/comments/ln55i0/geltec_does_anyone_follow_this_company_i_looked/,1613704263.0,"{'author': 'gatewayr2', 'created_utc': 1613704263, 'title': 'Geltec? Does anyone follow this company? I looked at their website and it seems to be a product that would be a solution in many cases to save homes with fires particularly in california. It has been endorsed by many in the firefighting community and today increased 44 percent', 'url': 'https://www.reddit.com/r/wallstreetbets/comments/ln55i0/geltec_does_anyone_follow_this_company_i_looked/', 'created': 1613704263.0}",2021-02-19 03:11:03
85,bigkev2569,1613704248,We are going to be red tomorrow.,https://www.hotnewhiphop.com/lil-yachty-and-kodak-blacks-collab-drops-tonight-news.126905.html,1613704248.0,"{'author': 'bigkev2569', 'created_utc': 1613704248, 'title': 'We are going to be red tomorrow.', 'url': 'https://www.hotnewhiphop.com/lil-yachty-and-kodak-blacks-collab-drops-tonight-news.126905.html', 'created': 1613704248.0}",2021-02-19 03:10:48
86,JoeLa_33,1613704231,$TDAC CEO of Lottery.com announced he will be signing the the DA early next week. Def deRisked,https://www.reddit.com/r/wallstreetbets/comments/ln553u/tdac_ceo_of_lotterycom_announced_he_will_be/,1613704231.0,"{'author': 'JoeLa_33', 'created_utc': 1613704231, 'title': '$TDAC CEO of Lottery.com announced he will be signing the the DA early next week. Def deRisked', 'url': 'https://www.reddit.com/r/wallstreetbets/comments/ln553u/tdac_ceo_of_lotterycom_announced_he_will_be/', 'created': 1613704231.0}",2021-02-19 03:10:31
87,Dede10100509,1613704218,ADMP 🚀🚀🚀🚀🚀,https://www.reddit.com/r/wallstreetbets/comments/ln54y2/admp/,1613704218.0,"{'author': 'Dede10100509', 'created_utc': 1613704218, 'title': 'ADMP 🚀🚀🚀🚀🚀', 'url': 'https://www.reddit.com/r/wallstreetbets/comments/ln54y2/admp/', 'created': 1613704218.0}",2021-02-19 03:10:18
88,PPSmakeithappen,1613704206,$KAVL big news coming in March with Q1 and Nasdaq up listing.,https://www.reddit.com/r/wallstreetbets/comments/ln54si/kavl_big_news_coming_in_march_with_q1_and_nasdaq/,1613704206.0,"{'author': 'PPSmakeithappen', 'created_utc': 1613704206, 'title': '$KAVL big news coming in March with Q1 and Nasdaq up listing.', 'url': 'https://www.reddit.com/r/wallstreetbets/comments/ln54si/kavl_big_news_coming_in_march_with_q1_and_nasdaq/', 'created': 1613704206.0}",2021-02-19 03:10:06
89,Technical-Party9629,1613704203,Expr,https://www.reddit.com/r/wallstreetbets/comments/ln54rt/expr/,1613704203.0,"{'author': 'Technical-Party9629', 'created_utc': 1613704203, 'title': 'Expr', 'url': 'https://www.reddit.com/r/wallstreetbets/comments/ln54rt/expr/', 'created': 1613704203.0}",2021-02-19 03:10:03
90,mohwaqas_com,1613704198,it is time,https://i.redd.it/b78uz1kgpci61.png,1613704198.0,"{'author': 'mohwaqas_com', 'created_utc': 1613704198, 'title': 'it is time', 'url': 'https://i.redd.it/b78uz1kgpci61.png', 'created': 1613704198.0}",2021-02-19 03:09:58
91,Welcome_Healthy,1613704183,Roku earned money,https://www.reddit.com/r/wallstreetbets/comments/ln54ip/roku_earned_money/,1613704183.0,"{'author': 'Welcome_Healthy', 'created_utc': 1613704183, 'title': 'Roku earned money', 'url': 'https://www.reddit.com/r/wallstreetbets/comments/ln54ip/roku_earned_money/', 'created': 1613704183.0}",2021-02-19 03:09:43
92,Psychological_Rub_11,1613704169,unregulated traders ...... I stupidly exposed myself to,https://www.reddit.com/r/wallstreetbets/comments/ln54cd/unregulated_traders_i_stupidly_exposed_myself_to/,1613704169.0,"{'author': 'Psychological_Rub_11', 'created_utc': 1613704169, 'title': 'unregulated traders ...... I stupidly exposed myself to', 'url': 'https://www.reddit.com/r/wallstreetbets/comments/ln54cd/unregulated_traders_i_stupidly_exposed_myself_to/', 'created': 1613704169.0}",2021-02-19 03:09:29
93,Buerkinstock,1613704168,Did you See That Testimony...Well Played My Friend,https://i.redd.it/3m9tydxgpci61.png,1613704168.0,"{'author': 'Buerkinstock', 'created_utc': 1613704168, 'title': 'Did you See That Testimony...Well Played My Friend', 'url': 'https://i.redd.it/3m9tydxgpci61.png', 'created': 1613704168.0}",2021-02-19 03:09:28
94,breck,1613704165,GME Board here is my plan for how to launch Gamestop's game delivery engine: #BringBackNapster,https://www.reddit.com/r/wallstreetbets/comments/ln549s/gme_board_here_is_my_plan_for_how_to_launch/,1613704165.0,"{'author': 'breck', 'created_utc': 1613704165, 'title': ""GME Board here is my plan for how to launch Gamestop's game delivery engine: #BringBackNapster"", 'url': 'https://www.reddit.com/r/wallstreetbets/comments/ln549s/gme_board_here_is_my_plan_for_how_to_launch/', 'created': 1613704165.0}",2021-02-19 03:09:25
95,Youlooklikethat1girl,1613704156,Dora appreciates the question,https://i.redd.it/feoqn4wfpci61.jpg,1613704156.0,"{'author': 'Youlooklikethat1girl', 'created_utc': 1613704156, 'title': 'Dora appreciates the question', 'url': 'https://i.redd.it/feoqn4wfpci61.jpg', 'created': 1613704156.0}",2021-02-19 03:09:16
96,Kaezumi,1613704112,"So what are we missing, APE, FD....what else?",https://i.redd.it/mav8yi1bpci61.jpg,1613704112.0,"{'author': 'Kaezumi', 'created_utc': 1613704112, 'title': 'So what are we missing, APE, FD....what else?', 'url': 'https://i.redd.it/mav8yi1bpci61.jpg', 'created': 1613704112.0}",2021-02-19 03:08:32
97,General-Ring,1613704104,3 guys look the same but only 1 isn’t cool,https://i.redd.it/5b51peaapci61.jpg,1613704104.0,"{'author': 'General-Ring', 'created_utc': 1613704104, 'title': '3 guys look the same but only 1 isn’t cool', 'url': 'https://i.redd.it/5b51peaapci61.jpg', 'created': 1613704104.0}",2021-02-19 03:08:24
98,sugma22,1613704084,FIRST IMAGE TRANSMITTED FROM THE PERSEVERANCE,https://i.redd.it/40z7xq58pci61.jpg,1613704084.0,"{'author': 'sugma22', 'created_utc': 1613704084, 'title': 'FIRST IMAGE TRANSMITTED FROM THE PERSEVERANCE', 'url': 'https://i.redd.it/40z7xq58pci61.jpg', 'created': 1613704084.0}",2021-02-19 03:08:04
99,Daskato,1613704074,Robinhood bashing,https://www.reddit.com/r/wallstreetbets/comments/ln536l/robinhood_bashing/,1613704074.0,"{'author': 'Daskato', 'created_utc': 1613704074, 'title': 'Robinhood bashing', 'url': 'https://www.reddit.com/r/wallstreetbets/comments/ln536l/robinhood_bashing/', 'created': 1613704074.0}",2021-02-19 03:07:54
