,author,created_utc,title,url,created,d_,created_utc_dt
0,sephirothsquall,1612023188,Absolute retard rallying for GME,https://www.reddit.com/r/wallstreetbets/comments/l8ow46/absolute_retard_rallying_for_gme/,1612023188.0,"{'author': 'sephirothsquall', 'created_utc': 1612023188, 'title': 'Absolute retard rallying for GME', 'url': 'https://www.reddit.com/r/wallstreetbets/comments/l8ow46/absolute_retard_rallying_for_gme/', 'created': 1612023188.0}",2021-01-30 16:13:08
1,cryptodgn,1612023187,How Wall Street may try to take GME tendeis from retail investors and how retail investors can protect themselves,https://www.reddit.com/r/wallstreetbets/comments/l8ow40/how_wall_street_may_try_to_take_gme_tendeis_from/,1612023187.0,"{'author': 'cryptodgn', 'created_utc': 1612023187, 'title': 'How Wall Street may try to take GME tendeis from retail investors and how retail investors can protect themselves', 'url': 'https://www.reddit.com/r/wallstreetbets/comments/l8ow40/how_wall_street_may_try_to_take_gme_tendeis_from/', 'created': 1612023187.0}",2021-01-30 16:13:07
2,whoswhohonestly,1612023187,Hold the line retards !,https://i.redd.it/cvw4l822vhe61.jpg,1612023187.0,"{'author': 'whoswhohonestly', 'created_utc': 1612023187, 'title': 'Hold the line retards !', 'url': 'https://i.redd.it/cvw4l822vhe61.jpg', 'created': 1612023187.0}",2021-01-30 16:13:07
3,Love_source_energy,1612023186,The REAL Greatest Short Burn of the Century,https://www.reddit.com/r/wallstreetbets/comments/ip6jnv/the_real_greatest_short_burn_of_the_century/?utm_source=share&amp;utm_medium=ios_app&amp;utm_name=iossmf,1612023186.0,"{'author': 'Love_source_energy', 'created_utc': 1612023186, 'title': 'The REAL Greatest Short Burn of the Century', 'url': 'https://www.reddit.com/r/wallstreetbets/comments/ip6jnv/the_real_greatest_short_burn_of_the_century/?utm_source=share&amp;utm_medium=ios_app&amp;utm_name=iossmf', 'created': 1612023186.0}",2021-01-30 16:13:06
4,SavesSears_SHLDQ,1612023183,SaveSears!!!! SHLDQ .45 cents 🚀🚀🚀🚀🚀🌒🌒🌒🌒🌒get your tickets early ladies and Gents. They next come back story is Here,https://www.reddit.com/r/wallstreetbets/comments/l8ow1y/savesears_shldq_45_cents_get_your_tickets_early/,1612023183.0,"{'author': 'SavesSears_SHLDQ', 'created_utc': 1612023183, 'title': 'SaveSears!!!! SHLDQ .45 cents 🚀🚀🚀🚀🚀🌒🌒🌒🌒🌒get your tickets early ladies and Gents. They next come back story is Here', 'url': 'https://www.reddit.com/r/wallstreetbets/comments/l8ow1y/savesears_shldq_45_cents_get_your_tickets_early/', 'created': 1612023183.0}",2021-01-30 16:13:03
5,sriram_sun,1612023182,This is a siege. You can starve. Can they?,https://www.reddit.com/r/wallstreetbets/comments/l8ow1l/this_is_a_siege_you_can_starve_can_they/,1612023182.0,"{'author': 'sriram_sun', 'created_utc': 1612023182, 'title': 'This is a siege. You can starve. Can they?', 'url': 'https://www.reddit.com/r/wallstreetbets/comments/l8ow1l/this_is_a_siege_you_can_starve_can_they/', 'created': 1612023182.0}",2021-01-30 16:13:02
6,Outrageous_Carpet_64,1612023182,Buying shares of GME &amp; AMC has been banned on the IG Trading app! Discuss - Tips on what platforms you can still invest on!,https://www.reddit.com/r/wallstreetbets/comments/l8ow1b/buying_shares_of_gme_amc_has_been_banned_on_the/,1612023182.0,"{'author': 'Outrageous_Carpet_64', 'created_utc': 1612023182, 'title': 'Buying shares of GME &amp; AMC has been banned on the IG Trading app! Discuss - Tips on what platforms you can still invest on!', 'url': 'https://www.reddit.com/r/wallstreetbets/comments/l8ow1b/buying_shares_of_gme_amc_has_been_banned_on_the/', 'created': 1612023182.0}",2021-01-30 16:13:02
7,options_for_loosers,1612023181,This is financial warfare and the playbook is public,https://www.reddit.com/r/wallstreetbets/comments/l8ow0t/this_is_financial_warfare_and_the_playbook_is/,1612023181.0,"{'author': 'options_for_loosers', 'created_utc': 1612023181, 'title': 'This is financial warfare and the playbook is public', 'url': 'https://www.reddit.com/r/wallstreetbets/comments/l8ow0t/this_is_financial_warfare_and_the_playbook_is/', 'created': 1612023181.0}",2021-01-30 16:13:01
8,DeepFuckinChange,1612023180,I AM KEITH 💎🤲,https://i.redd.it/wk1okb34uhe61.png,1612023180.0,"{'author': 'DeepFuckinChange', 'created_utc': 1612023180, 'title': 'I AM KEITH 💎🤲', 'url': 'https://i.redd.it/wk1okb34uhe61.png', 'created': 1612023180.0}",2021-01-30 16:13:00
9,docdomin,1612023179,GME up or down,https://www.reddit.com/r/wallstreetbets/comments/l8ow02/gme_up_or_down/,1612023179.0,"{'author': 'docdomin', 'created_utc': 1612023179, 'title': 'GME up or down', 'url': 'https://www.reddit.com/r/wallstreetbets/comments/l8ow02/gme_up_or_down/', 'created': 1612023179.0}",2021-01-30 16:12:59
10,Hookers-n-options,1612023178,Is Papa Chamath giving us the ultimate playbook?,https://twitter.com/chamath/status/1355545181563457537?s=19,1612023178.0,"{'author': 'Hookers-n-options', 'created_utc': 1612023178, 'title': 'Is Papa Chamath giving us the ultimate playbook?', 'url': 'https://twitter.com/chamath/status/1355545181563457537?s=19', 'created': 1612023178.0}",2021-01-30 16:12:58
11,HideYourChildren,1612023178,How do I invest in GME?,https://www.reddit.com/r/wallstreetbets/comments/l8ovzw/how_do_i_invest_in_gme/,1612023178.0,"{'author': 'HideYourChildren', 'created_utc': 1612023178, 'title': 'How do I invest in GME?', 'url': 'https://www.reddit.com/r/wallstreetbets/comments/l8ovzw/how_do_i_invest_in_gme/', 'created': 1612023178.0}",2021-01-30 16:12:58
12,[deleted],1612023178,Regarding the share prices and fluctuations,https://www.reddit.com/r/wallstreetbets/comments/l8ovzr/regarding_the_share_prices_and_fluctuations/,1612023178.0,"{'author': '[deleted]', 'created_utc': 1612023178, 'title': 'Regarding the share prices and fluctuations', 'url': 'https://www.reddit.com/r/wallstreetbets/comments/l8ovzr/regarding_the_share_prices_and_fluctuations/', 'created': 1612023178.0}",2021-01-30 16:12:58
13,webdriverguy000,1612023174,Where are people moving to from Robinhood?,https://www.reddit.com/r/wallstreetbets/comments/l8ovy6/where_are_people_moving_to_from_robinhood/,1612023174.0,"{'author': 'webdriverguy000', 'created_utc': 1612023174, 'title': 'Where are people moving to from Robinhood?', 'url': 'https://www.reddit.com/r/wallstreetbets/comments/l8ovy6/where_are_people_moving_to_from_robinhood/', 'created': 1612023174.0}",2021-01-30 16:12:54
14,russc6292,1612023173,We still running this dogecoin up or what!?!?!? I'm about to buy another 250k,https://www.reddit.com/r/wallstreetbets/comments/l8ovxf/we_still_running_this_dogecoin_up_or_what_im/,1612023173.0,"{'author': 'russc6292', 'created_utc': 1612023173, 'title': ""We still running this dogecoin up or what!?!?!? I'm about to buy another 250k"", 'url': 'https://www.reddit.com/r/wallstreetbets/comments/l8ovxf/we_still_running_this_dogecoin_up_or_what_im/', 'created': 1612023173.0}",2021-01-30 16:12:53
15,princeBai,1612023172,https://vm.tiktok.com/ZMJos45Q8/,https://www.reddit.com/r/wallstreetbets/comments/l8ovx0/httpsvmtiktokcomzmjos45q8/,1612023172.0,"{'author': 'princeBai', 'created_utc': 1612023172, 'title': 'https://vm.tiktok.com/ZMJos45Q8/', 'url': 'https://www.reddit.com/r/wallstreetbets/comments/l8ovx0/httpsvmtiktokcomzmjos45q8/', 'created': 1612023172.0}",2021-01-30 16:12:52
16,Andy1Dandy,1612023171,"Not a financial advise: after $GME goes to MARS, I am going to re-invest gains into $SLV, $BB, $NOK, $NAKD, $AAL because FU RH!",https://www.reddit.com/r/wallstreetbets/comments/l8ovwq/not_a_financial_advise_after_gme_goes_to_mars_i/,1612023171.0,"{'author': 'Andy1Dandy', 'created_utc': 1612023171, 'title': 'Not a financial advise: after $GME goes to MARS, I am going to re-invest gains into $SLV, $BB, $NOK, $NAKD, $AAL because FU RH!', 'url': 'https://www.reddit.com/r/wallstreetbets/comments/l8ovwq/not_a_financial_advise_after_gme_goes_to_mars_i/', 'created': 1612023171.0}",2021-01-30 16:12:51
17,[deleted],1612023171,Saw this on guy on tiktok talk about it. Googled it and nothing came up. Went on DuckDuckGo and there it was,https://i.redd.it/465ojj80vhe61.jpg,1612023171.0,"{'author': '[deleted]', 'created_utc': 1612023171, 'title': 'Saw this on guy on tiktok talk about it. Googled it and nothing came up. Went on DuckDuckGo and there it was', 'url': 'https://i.redd.it/465ojj80vhe61.jpg', 'created': 1612023171.0}",2021-01-30 16:12:51
18,LobsterPlayful8993,1612023170,bbby,https://www.reddit.com/r/wallstreetbets/comments/l8ovvx/bbby/,1612023170.0,"{'author': 'LobsterPlayful8993', 'created_utc': 1612023170, 'title': 'bbby', 'url': 'https://www.reddit.com/r/wallstreetbets/comments/l8ovvx/bbby/', 'created': 1612023170.0}",2021-01-30 16:12:50
19,QSfan,1612023168,To hell with the hedge funds it’s time the righteous anger was re-directed to a SOCIAL cause that will help us all Social Security.,https://www.reddit.com/r/wallstreetbets/comments/l8ovvj/to_hell_with_the_hedge_funds_its_time_the/,1612023168.0,"{'author': 'QSfan', 'created_utc': 1612023168, 'title': 'To hell with the hedge funds it’s time the righteous anger was re-directed to a SOCIAL cause that will help us all Social Security.', 'url': 'https://www.reddit.com/r/wallstreetbets/comments/l8ovvj/to_hell_with_the_hedge_funds_its_time_the/', 'created': 1612023168.0}",2021-01-30 16:12:48
20,austinmcraig,1612023167,"Serious Q: Will 💎🙌 win the day, or can the hedgies weasel out somehow?",https://www.reddit.com/r/wallstreetbets/comments/l8ovuv/serious_q_will_win_the_day_or_can_the_hedgies/,1612023167.0,"{'author': 'austinmcraig', 'created_utc': 1612023167, 'title': 'Serious Q: Will 💎🙌 win the day, or can the hedgies weasel out somehow?', 'url': 'https://www.reddit.com/r/wallstreetbets/comments/l8ovuv/serious_q_will_win_the_day_or_can_the_hedgies/', 'created': 1612023167.0}",2021-01-30 16:12:47
21,dejavu0606,1612023167,Why FB is standing on the side of Wall St Fat@ss?,https://www.reddit.com/r/wallstreetbets/comments/l8ovub/why_fb_is_standing_on_the_side_of_wall_st_fatss/,1612023167.0,"{'author': 'dejavu0606', 'created_utc': 1612023167, 'title': 'Why FB is standing on the side of Wall St Fat@ss?', 'url': 'https://www.reddit.com/r/wallstreetbets/comments/l8ovub/why_fb_is_standing_on_the_side_of_wall_st_fatss/', 'created': 1612023167.0}",2021-01-30 16:12:47
22,GoldWorth7322,1612023164,What should we do with AMC?,https://www.reddit.com/r/wallstreetbets/comments/l8ovt6/what_should_we_do_with_amc/,1612023164.0,"{'author': 'GoldWorth7322', 'created_utc': 1612023164, 'title': 'What should we do with AMC?', 'url': 'https://www.reddit.com/r/wallstreetbets/comments/l8ovt6/what_should_we_do_with_amc/', 'created': 1612023164.0}",2021-01-30 16:12:44
23,VVombatCombat,1612023164,Is the song “Living On A Prayer” our anthem yet?,https://www.reddit.com/r/wallstreetbets/comments/l8ovsx/is_the_song_living_on_a_prayer_our_anthem_yet/,1612023164.0,"{'author': 'VVombatCombat', 'created_utc': 1612023164, 'title': 'Is the song “Living On A Prayer” our anthem yet?', 'url': 'https://www.reddit.com/r/wallstreetbets/comments/l8ovsx/is_the_song_living_on_a_prayer_our_anthem_yet/', 'created': 1612023164.0}",2021-01-30 16:12:44
24,Statik_Gesus,1612023162,"Doge to .10, $1, $10?!",https://www.reddit.com/r/wallstreetbets/comments/l8ovs1/doge_to_10_1_10/,1612023162.0,"{'author': 'Statik_Gesus', 'created_utc': 1612023162, 'title': 'Doge to .10, $1, $10?!', 'url': 'https://www.reddit.com/r/wallstreetbets/comments/l8ovs1/doge_to_10_1_10/', 'created': 1612023162.0}",2021-01-30 16:12:42
25,Marley_Jess,1612023159,Discord,https://www.reddit.com/r/wallstreetbets/comments/l8ovqs/discord/,1612023159.0,"{'author': 'Marley_Jess', 'created_utc': 1612023159, 'title': 'Discord', 'url': 'https://www.reddit.com/r/wallstreetbets/comments/l8ovqs/discord/', 'created': 1612023159.0}",2021-01-30 16:12:39
26,[deleted],1612023159,The angrier they get the harder we hold it,https://i.redd.it/hquth93zuhe61.jpg,1612023159.0,"{'author': '[deleted]', 'created_utc': 1612023159, 'title': 'The angrier they get the harder we hold it', 'url': 'https://i.redd.it/hquth93zuhe61.jpg', 'created': 1612023159.0}",2021-01-30 16:12:39
27,Nes10,1612023158,The Fall of Wall Street!,https://youtu.be/kcVR7nZd5io,1612023158.0,"{'author': 'Nes10', 'created_utc': 1612023158, 'title': 'The Fall of Wall Street!', 'url': 'https://youtu.be/kcVR7nZd5io', 'created': 1612023158.0}",2021-01-30 16:12:38
28,Nelavarela,1612023157,SQUEEZE THOSE QLGN BEARS,https://www.reddit.com/r/wallstreetbets/comments/l8ovoq/squeeze_those_qlgn_bears/,1612023157.0,"{'author': 'Nelavarela', 'created_utc': 1612023157, 'title': 'SQUEEZE THOSE QLGN BEARS', 'url': 'https://www.reddit.com/r/wallstreetbets/comments/l8ovoq/squeeze_those_qlgn_bears/', 'created': 1612023157.0}",2021-01-30 16:12:37
29,Mudda4er,1612023156,London stock,https://www.reddit.com/r/wallstreetbets/comments/l8ovn4/london_stock/,1612023156.0,"{'author': 'Mudda4er', 'created_utc': 1612023156, 'title': 'London stock', 'url': 'https://www.reddit.com/r/wallstreetbets/comments/l8ovn4/london_stock/', 'created': 1612023156.0}",2021-01-30 16:12:36
30,qballz789,1612023154,On the news now. Elizabeth Warren is going to bat for us,https://www.reddit.com/r/wallstreetbets/comments/l8ovmh/on_the_news_now_elizabeth_warren_is_going_to_bat/,1612023154.0,"{'author': 'qballz789', 'created_utc': 1612023154, 'title': 'On the news now. Elizabeth Warren is going to bat for us', 'url': 'https://www.reddit.com/r/wallstreetbets/comments/l8ovmh/on_the_news_now_elizabeth_warren_is_going_to_bat/', 'created': 1612023154.0}",2021-01-30 16:12:34
31,Typical_Ferret_3963,1612023152,We Retiring Everyone 🚀🚀,https://i.redd.it/zkiu3lfyuhe61.jpg,1612023152.0,"{'author': 'Typical_Ferret_3963', 'created_utc': 1612023152, 'title': 'We Retiring Everyone 🚀🚀', 'url': 'https://i.redd.it/zkiu3lfyuhe61.jpg', 'created': 1612023152.0}",2021-01-30 16:12:32
32,EngineerCreepy4549,1612023152,"If RobinHood says they have a 2 day clearing requirement, does that mean all trades will be fully open by Monday?",https://www.reddit.com/r/wallstreetbets/comments/l8ovlr/if_robinhood_says_they_have_a_2_day_clearing/,1612023152.0,"{'author': 'EngineerCreepy4549', 'created_utc': 1612023152, 'title': 'If RobinHood says they have a 2 day clearing requirement, does that mean all trades will be fully open by Monday?', 'url': 'https://www.reddit.com/r/wallstreetbets/comments/l8ovlr/if_robinhood_says_they_have_a_2_day_clearing/', 'created': 1612023152.0}",2021-01-30 16:12:32
33,[deleted],1612023151,u/DeepFuckingValue made the front page of the WSJ! HOLD THE LINE!!! 💎🙌💎,https://i.redd.it/c2fj50bvuhe61.png,1612023151.0,"{'author': '[deleted]', 'created_utc': 1612023151, 'title': 'u/DeepFuckingValue made the front page of the WSJ! HOLD THE LINE!!! 💎🙌💎', 'url': 'https://i.redd.it/c2fj50bvuhe61.png', 'created': 1612023151.0}",2021-01-30 16:12:31
34,yakkamah,1612023151,You better believe it! 💎 🙌 I’M NOT SELLING. Ps. F ROBIN HOOD,https://i.redd.it/bidy038yuhe61.jpg,1612023151.0,"{'author': 'yakkamah', 'created_utc': 1612023151, 'title': 'You better believe it! 💎 🙌 I’M NOT SELLING. Ps. F ROBIN HOOD', 'url': 'https://i.redd.it/bidy038yuhe61.jpg', 'created': 1612023151.0}",2021-01-30 16:12:31
35,Wh1skeydoodle,1612023150,HOW TO FORCE SHORTS TO SELL!!!,https://www.reddit.com/r/wallstreetbets/comments/l8ovkq/how_to_force_shorts_to_sell/,1612023150.0,"{'author': 'Wh1skeydoodle', 'created_utc': 1612023150, 'title': 'HOW TO FORCE SHORTS TO SELL!!!', 'url': 'https://www.reddit.com/r/wallstreetbets/comments/l8ovkq/how_to_force_shorts_to_sell/', 'created': 1612023150.0}",2021-01-30 16:12:30
36,Sure-Can3075,1612023149,"Just getting into this, what applications or platforms do you guys use to buy and sell?",https://www.reddit.com/r/wallstreetbets/comments/l8ovk3/just_getting_into_this_what_applications_or/,1612023149.0,"{'author': 'Sure-Can3075', 'created_utc': 1612023149, 'title': 'Just getting into this, what applications or platforms do you guys use to buy and sell?', 'url': 'https://www.reddit.com/r/wallstreetbets/comments/l8ovk3/just_getting_into_this_what_applications_or/', 'created': 1612023149.0}",2021-01-30 16:12:29
37,Lonely_Mixture3508,1612023146,Im and idiot,https://www.reddit.com/r/wallstreetbets/comments/l8ovj1/im_and_idiot/,1612023146.0,"{'author': 'Lonely_Mixture3508', 'created_utc': 1612023146, 'title': 'Im and idiot', 'url': 'https://www.reddit.com/r/wallstreetbets/comments/l8ovj1/im_and_idiot/', 'created': 1612023146.0}",2021-01-30 16:12:26
38,wicked_toxin,1612023145,DFV can buy this guy to be a good slave on the moon!,https://i.redd.it/2saeovajuhe61.png,1612023145.0,"{'author': 'wicked_toxin', 'created_utc': 1612023145, 'title': 'DFV can buy this guy to be a good slave on the moon!', 'url': 'https://i.redd.it/2saeovajuhe61.png', 'created': 1612023145.0}",2021-01-30 16:12:25
39,LegendBP,1612023142,Anthem for a Revolution,https://www.youtube.com/watch?v=dYHa6bpa3V4&amp;ab_channel=ChrisVoiceman,1612023142.0,"{'author': 'LegendBP', 'created_utc': 1612023142, 'title': 'Anthem for a Revolution', 'url': 'https://www.youtube.com/watch?v=dYHa6bpa3V4&amp;ab_channel=ChrisVoiceman', 'created': 1612023142.0}",2021-01-30 16:12:22
40,[deleted],1612023142,Perfectly Balanced,https://i.redd.it/7vlcg49xuhe61.jpg,1612023142.0,"{'author': '[deleted]', 'created_utc': 1612023142, 'title': 'Perfectly Balanced', 'url': 'https://i.redd.it/7vlcg49xuhe61.jpg', 'created': 1612023142.0}",2021-01-30 16:12:22
41,wildhorse-123,1612023142,is this stock short heavily?,https://www.reddit.com/r/wallstreetbets/comments/l8ovgi/is_this_stock_short_heavily/,1612023142.0,"{'author': 'wildhorse-123', 'created_utc': 1612023142, 'title': 'is this stock short heavily?', 'url': 'https://www.reddit.com/r/wallstreetbets/comments/l8ovgi/is_this_stock_short_heavily/', 'created': 1612023142.0}",2021-01-30 16:12:22
42,Zakuri29,1612023140,"Cant' wait to do this after it's all over, GME 110 shares @86.41",https://i.redd.it/lzpk4wisuhe61.png,1612023140.0,"{'author': 'Zakuri29', 'created_utc': 1612023140, 'title': ""Cant' wait to do this after it's all over, GME 110 shares @86.41"", 'url': 'https://i.redd.it/lzpk4wisuhe61.png', 'created': 1612023140.0}",2021-01-30 16:12:20
43,JRODSHIZZLE,1612023139,$DOGE buy now or let it die?,https://www.reddit.com/r/wallstreetbets/comments/l8ovez/doge_buy_now_or_let_it_die/,1612023139.0,"{'author': 'JRODSHIZZLE', 'created_utc': 1612023139, 'title': '$DOGE buy now or let it die?', 'url': 'https://www.reddit.com/r/wallstreetbets/comments/l8ovez/doge_buy_now_or_let_it_die/', 'created': 1612023139.0}",2021-01-30 16:12:19
44,Heavy_Car9821,1612023138,PROMOTE NOK ON ALL SOCIAL MEDIA PLATFORMS,https://www.reddit.com/r/wallstreetbets/comments/l8ovee/promote_nok_on_all_social_media_platforms/,1612023138.0,"{'author': 'Heavy_Car9821', 'created_utc': 1612023138, 'title': 'PROMOTE NOK ON ALL SOCIAL MEDIA PLATFORMS', 'url': 'https://www.reddit.com/r/wallstreetbets/comments/l8ovee/promote_nok_on_all_social_media_platforms/', 'created': 1612023138.0}",2021-01-30 16:12:18
45,Downtown_Television,1612023137,Thoughts and Questions on buy GME &amp; more AMC.,https://www.reddit.com/r/wallstreetbets/comments/l8ove8/thoughts_and_questions_on_buy_gme_more_amc/,1612023137.0,"{'author': 'Downtown_Television', 'created_utc': 1612023137, 'title': 'Thoughts and Questions on buy GME &amp; more AMC.', 'url': 'https://www.reddit.com/r/wallstreetbets/comments/l8ove8/thoughts_and_questions_on_buy_gme_more_amc/', 'created': 1612023137.0}",2021-01-30 16:12:17
46,TheCrownDoc,1612023136,Got my To the moon 💎🤲🏻 for $24.20 cashapp $IrynaMancini - just added my address and size 👍🏻,https://i.redd.it/sgoz7ulwuhe61.jpg,1612023136.0,"{'author': 'TheCrownDoc', 'created_utc': 1612023136, 'title': 'Got my To the moon 💎🤲🏻 for $24.20 cashapp $IrynaMancini - just added my address and size 👍🏻', 'url': 'https://i.redd.it/sgoz7ulwuhe61.jpg', 'created': 1612023136.0}",2021-01-30 16:12:16
47,Mowgle,1612023134,Sold AMC 10 days ago as I thought it wasn't moving!! 🤣,https://www.reddit.com/r/wallstreetbets/comments/l8ovd2/sold_amc_10_days_ago_as_i_thought_it_wasnt_moving/,1612023134.0,"{'author': 'Mowgle', 'created_utc': 1612023134, 'title': ""Sold AMC 10 days ago as I thought it wasn't moving!! 🤣"", 'url': 'https://www.reddit.com/r/wallstreetbets/comments/l8ovd2/sold_amc_10_days_ago_as_i_thought_it_wasnt_moving/', 'created': 1612023134.0}",2021-01-30 16:12:14
48,Federal-Ad-4408,1612023133,Xrp ?,https://www.reddit.com/r/wallstreetbets/comments/l8ovca/xrp/,1612023133.0,"{'author': 'Federal-Ad-4408', 'created_utc': 1612023133, 'title': 'Xrp ?', 'url': 'https://www.reddit.com/r/wallstreetbets/comments/l8ovca/xrp/', 'created': 1612023133.0}",2021-01-30 16:12:13
49,burnttoast14,1612023133,When will AMC Lift OFF🚀,https://www.reddit.com/r/wallstreetbets/comments/l8ovc9/when_will_amc_lift_off/,1612023133.0,"{'author': 'burnttoast14', 'created_utc': 1612023133, 'title': 'When will AMC Lift OFF🚀', 'url': 'https://www.reddit.com/r/wallstreetbets/comments/l8ovc9/when_will_amc_lift_off/', 'created': 1612023133.0}",2021-01-30 16:12:13
50,Blogrope,1612023132,ARE YOU GUYS NOW DO THE FAVOR TO XRP,https://i.redd.it/fhihyiuruhe61.jpg,1612023132.0,"{'author': 'Blogrope', 'created_utc': 1612023132, 'title': 'ARE YOU GUYS NOW DO THE FAVOR TO XRP', 'url': 'https://i.redd.it/fhihyiuruhe61.jpg', 'created': 1612023132.0}",2021-01-30 16:12:12
51,oscampbells0up,1612023129,Why should I buy $AMC stock?,https://www.reddit.com/r/wallstreetbets/comments/l8ovaf/why_should_i_buy_amc_stock/,1612023129.0,"{'author': 'oscampbells0up', 'created_utc': 1612023129, 'title': 'Why should I buy $AMC stock?', 'url': 'https://www.reddit.com/r/wallstreetbets/comments/l8ovaf/why_should_i_buy_amc_stock/', 'created': 1612023129.0}",2021-01-30 16:12:09
52,SGeorge1995,1612023125,How night to the moon 🚀🚀🚀,https://www.reddit.com/r/wallstreetbets/comments/l8ov93/how_night_to_the_moon/,1612023125.0,"{'author': 'SGeorge1995', 'created_utc': 1612023125, 'title': 'How night to the moon 🚀🚀🚀', 'url': 'https://www.reddit.com/r/wallstreetbets/comments/l8ov93/how_night_to_the_moon/', 'created': 1612023125.0}",2021-01-30 16:12:05
53,WarrenBtone,1612023124,Is WSB behind XRP push ?,https://www.reddit.com/r/wallstreetbets/comments/l8ov84/is_wsb_behind_xrp_push/,1612023124.0,"{'author': 'WarrenBtone', 'created_utc': 1612023124, 'title': 'Is WSB behind XRP push ?', 'url': 'https://www.reddit.com/r/wallstreetbets/comments/l8ov84/is_wsb_behind_xrp_push/', 'created': 1612023124.0}",2021-01-30 16:12:04
54,Aggravating-Ad-6642,1612023123,WALL STREET CREDIT LINE,https://www.reddit.com/r/wallstreetbets/comments/l8ov7v/wall_street_credit_line/,1612023123.0,"{'author': 'Aggravating-Ad-6642', 'created_utc': 1612023123, 'title': 'WALL STREET CREDIT LINE', 'url': 'https://www.reddit.com/r/wallstreetbets/comments/l8ov7v/wall_street_credit_line/', 'created': 1612023123.0}",2021-01-30 16:12:03
55,rodonewsia,1612023122,Snowing,https://i.redd.it/xem9k8xuuhe61.jpg,1612023122.0,"{'author': 'rodonewsia', 'created_utc': 1612023122, 'title': 'Snowing', 'url': 'https://i.redd.it/xem9k8xuuhe61.jpg', 'created': 1612023122.0}",2021-01-30 16:12:02
56,RainedoutRantCast,1612023121,How Many WERE IN TO 💲BTC / ALTCOIN Frenzy??,https://www.reddit.com/r/wallstreetbets/comments/l8ov6n/how_many_were_in_to_btc_altcoin_frenzy/,1612023121.0,"{'author': 'RainedoutRantCast', 'created_utc': 1612023121, 'title': 'How Many WERE IN TO 💲BTC / ALTCOIN Frenzy??', 'url': 'https://www.reddit.com/r/wallstreetbets/comments/l8ov6n/how_many_were_in_to_btc_altcoin_frenzy/', 'created': 1612023121.0}",2021-01-30 16:12:01
57,MellowHellow1,1612023121,THE CORPOS ARE MANIPULATING! https://finance.yahoo.com/news/ig-group-restricts-trading-gamestop-154312898.html?.tsrc=applewf,https://i.redd.it/4u9a5jyuuhe61.jpg,1612023121.0,"{'author': 'MellowHellow1', 'created_utc': 1612023121, 'title': 'THE CORPOS ARE MANIPULATING! https://finance.yahoo.com/news/ig-group-restricts-trading-gamestop-154312898.html?.tsrc=applewf', 'url': 'https://i.redd.it/4u9a5jyuuhe61.jpg', 'created': 1612023121.0}",2021-01-30 16:12:01
58,Cookie2UrMonster,1612023121,Can we make AMC the next GME?...it’s dumb cheap right now,https://www.reddit.com/r/wallstreetbets/comments/l8ov6a/can_we_make_amc_the_next_gmeits_dumb_cheap_right/,1612023121.0,"{'author': 'Cookie2UrMonster', 'created_utc': 1612023121, 'title': 'Can we make AMC the next GME?...it’s dumb cheap right now', 'url': 'https://www.reddit.com/r/wallstreetbets/comments/l8ov6a/can_we_make_amc_the_next_gmeits_dumb_cheap_right/', 'created': 1612023121.0}",2021-01-30 16:12:01
59,RainyCityTay,1612023120,I woke up and Robinhood stole 100shares of my AMC wtf is going on can anyone explain this to me please how can they do an assignment before my expiration without my consent ? (Position 750 shares of GME),https://i.redd.it/fj9gtjvuuhe61.jpg,1612023120.0,"{'author': 'RainyCityTay', 'created_utc': 1612023120, 'title': 'I woke up and Robinhood stole 100shares of my AMC wtf is going on can anyone explain this to me please how can they do an assignment before my expiration without my consent ? (Position 750 shares of GME)', 'url': 'https://i.redd.it/fj9gtjvuuhe61.jpg', 'created': 1612023120.0}",2021-01-30 16:12:00
60,bestdylemma,1612023116,STOP THE SELL! HOLD GME!,https://www.reddit.com/r/wallstreetbets/comments/l8ov3z/stop_the_sell_hold_gme/,1612023116.0,"{'author': 'bestdylemma', 'created_utc': 1612023116, 'title': 'STOP THE SELL! HOLD GME!', 'url': 'https://www.reddit.com/r/wallstreetbets/comments/l8ov3z/stop_the_sell_hold_gme/', 'created': 1612023116.0}",2021-01-30 16:11:56
61,bobloadmire,1612023115,Why tf has Robinhood restricted trading of AMD to 1 share?,https://www.reddit.com/r/wallstreetbets/comments/l8ov3j/why_tf_has_robinhood_restricted_trading_of_amd_to/,1612023115.0,"{'author': 'bobloadmire', 'created_utc': 1612023115, 'title': 'Why tf has Robinhood restricted trading of AMD to 1 share?', 'url': 'https://www.reddit.com/r/wallstreetbets/comments/l8ov3j/why_tf_has_robinhood_restricted_trading_of_amd_to/', 'created': 1612023115.0}",2021-01-30 16:11:55
62,FenixSoars,1612023115,Thought This Was A Fitting Weekend Movie 💎💎💎,https://i.redd.it/m7dnz6cuuhe61.jpg,1612023115.0,"{'author': 'FenixSoars', 'created_utc': 1612023115, 'title': 'Thought This Was A Fitting Weekend Movie 💎💎💎', 'url': 'https://i.redd.it/m7dnz6cuuhe61.jpg', 'created': 1612023115.0}",2021-01-30 16:11:55
63,ammxs,1612023114,Aren’t you glad we changed our logo back?,https://www.reddit.com/r/wallstreetbets/comments/l8ov2y/arent_you_glad_we_changed_our_logo_back/,1612023114.0,"{'author': 'ammxs', 'created_utc': 1612023114, 'title': 'Aren’t you glad we changed our logo back?', 'url': 'https://www.reddit.com/r/wallstreetbets/comments/l8ov2y/arent_you_glad_we_changed_our_logo_back/', 'created': 1612023114.0}",2021-01-30 16:11:54
64,DeluxeLynx,1612023114,$AMC and $GME... 💎🙌🚀,https://www.reddit.com/gallery/l8ov2u,1612023114.0,"{'author': 'DeluxeLynx', 'created_utc': 1612023114, 'title': '$AMC and $GME... 💎🙌🚀', 'url': 'https://www.reddit.com/gallery/l8ov2u', 'created': 1612023114.0}",2021-01-30 16:11:54
65,suicideshane,1612023112,Fidelity Not Being Able To Link Bank Accounts,https://www.reddit.com/r/wallstreetbets/comments/l8ov21/fidelity_not_being_able_to_link_bank_accounts/,1612023112.0,"{'author': 'suicideshane', 'created_utc': 1612023112, 'title': 'Fidelity Not Being Able To Link Bank Accounts', 'url': 'https://www.reddit.com/r/wallstreetbets/comments/l8ov21/fidelity_not_being_able_to_link_bank_accounts/', 'created': 1612023112.0}",2021-01-30 16:11:52
66,the-wicker-man,1612023112,Why buy NOK? Short interest is 1% of float. This is not GME or BBBY,https://www.reddit.com/r/wallstreetbets/comments/l8ov1y/why_buy_nok_short_interest_is_1_of_float_this_is/,1612023112.0,"{'author': 'the-wicker-man', 'created_utc': 1612023112, 'title': 'Why buy NOK? Short interest is 1% of float. This is not GME or BBBY', 'url': 'https://www.reddit.com/r/wallstreetbets/comments/l8ov1y/why_buy_nok_short_interest_is_1_of_float_this_is/', 'created': 1612023112.0}",2021-01-30 16:11:52
67,mcan007,1612023112,Start the Great Comeback,https://www.reddit.com/r/wallstreetbets/comments/l8ov1x/start_the_great_comeback/,1612023112.0,"{'author': 'mcan007', 'created_utc': 1612023112, 'title': 'Start the Great Comeback', 'url': 'https://www.reddit.com/r/wallstreetbets/comments/l8ov1x/start_the_great_comeback/', 'created': 1612023112.0}",2021-01-30 16:11:52
68,docdomin,1612023111,Opinioj for bb next week,https://www.reddit.com/r/wallstreetbets/comments/l8ov1l/opinioj_for_bb_next_week/,1612023111.0,"{'author': 'docdomin', 'created_utc': 1612023111, 'title': 'Opinioj for bb next week', 'url': 'https://www.reddit.com/r/wallstreetbets/comments/l8ov1l/opinioj_for_bb_next_week/', 'created': 1612023111.0}",2021-01-30 16:11:51
69,Daytona116595RBOW,1612023111,"$$$ based value look at the most shorted stocks, instead of %%% based.",https://i.redd.it/bvlc3dnpuhe61.png,1612023111.0,"{'author': 'Daytona116595RBOW', 'created_utc': 1612023111, 'title': '$$$ based value look at the most shorted stocks, instead of %%% based.', 'url': 'https://i.redd.it/bvlc3dnpuhe61.png', 'created': 1612023111.0}",2021-01-30 16:11:51
70,CodyHillyer,1612023111,Through $50 on AMC. I don’t have much but $50 is better then nothing .. may throw another $50 on tonight what do you think ? Good idea? My first time investing,https://i.redd.it/k1v9txxtuhe61.jpg,1612023111.0,"{'author': 'CodyHillyer', 'created_utc': 1612023111, 'title': 'Through $50 on AMC. I don’t have much but $50 is better then nothing .. may throw another $50 on tonight what do you think ? Good idea? My first time investing', 'url': 'https://i.redd.it/k1v9txxtuhe61.jpg', 'created': 1612023111.0}",2021-01-30 16:11:51
71,Kaythun,1612023110,WSB takes over CRYPTO 2021 / LIQUIDATE BTC SHORTS,https://www.reddit.com/r/wallstreetbets/comments/l8ov0y/wsb_takes_over_crypto_2021_liquidate_btc_shorts/,1612023110.0,"{'author': 'Kaythun', 'created_utc': 1612023110, 'title': 'WSB takes over CRYPTO 2021 / LIQUIDATE BTC SHORTS', 'url': 'https://www.reddit.com/r/wallstreetbets/comments/l8ov0y/wsb_takes_over_crypto_2021_liquidate_btc_shorts/', 'created': 1612023110.0}",2021-01-30 16:11:50
72,Outrageous_Carpet_64,1612023110,Buying shares of GME &amp; AMC has been banned on the IG Trading app! Discuss - Tips on what platforms you can still invest on!,https://www.reddit.com/r/wallstreetbets/comments/l8ov0i/buying_shares_of_gme_amc_has_been_banned_on_the/,1612023110.0,"{'author': 'Outrageous_Carpet_64', 'created_utc': 1612023110, 'title': 'Buying shares of GME &amp; AMC has been banned on the IG Trading app! Discuss - Tips on what platforms you can still invest on!', 'url': 'https://www.reddit.com/r/wallstreetbets/comments/l8ov0i/buying_shares_of_gme_amc_has_been_banned_on_the/', 'created': 1612023110.0}",2021-01-30 16:11:50
73,CardCruncher,1612023109,Guys. Guys. Guys! Listen to the tribal drums. This is the way. There is no way ZNGA isn’t the next GME. There is mad froth and opp is clear. Zynga! zynga! zynga! I have spoken 🐵,https://i.redd.it/3g52ccetuhe61.jpg,1612023109.0,"{'author': 'CardCruncher', 'created_utc': 1612023109, 'title': 'Guys. Guys. Guys! Listen to the tribal drums. This is the way. There is no way ZNGA isn’t the next GME. There is mad froth and opp is clear. Zynga! zynga! zynga! I have spoken 🐵', 'url': 'https://i.redd.it/3g52ccetuhe61.jpg', 'created': 1612023109.0}",2021-01-30 16:11:49
74,ohzee2_3,1612023107,This'll prob be removed but a retard like me just couldn't resist!,https://www.reddit.com/r/wallstreetbets/comments/l8ouz7/thisll_prob_be_removed_but_a_retard_like_me_just/,1612023107.0,"{'author': 'ohzee2_3', 'created_utc': 1612023107, 'title': ""This'll prob be removed but a retard like me just couldn't resist!"", 'url': 'https://www.reddit.com/r/wallstreetbets/comments/l8ouz7/thisll_prob_be_removed_but_a_retard_like_me_just/', 'created': 1612023107.0}",2021-01-30 16:11:47
75,[deleted],1612023106,"I’m seeing possibly conflicting takes on GME outstanding short interest. What to believe, and why?",https://imgur.com/a/TOsnTOe,1612023106.0,"{'author': '[deleted]', 'created_utc': 1612023106, 'title': 'I’m seeing possibly conflicting takes on GME outstanding short interest. What to believe, and why?', 'url': 'https://imgur.com/a/TOsnTOe', 'created': 1612023106.0}",2021-01-30 16:11:46
76,ISawYourTits,1612023105,For those of us who are broke ....,https://www.reddit.com/r/wallstreetbets/comments/l8ouxw/for_those_of_us_who_are_broke/,1612023105.0,"{'author': 'ISawYourTits', 'created_utc': 1612023105, 'title': 'For those of us who are broke ....', 'url': 'https://www.reddit.com/r/wallstreetbets/comments/l8ouxw/for_those_of_us_who_are_broke/', 'created': 1612023105.0}",2021-01-30 16:11:45
77,[deleted],1612023103,Nice,https://i.redd.it/pvgmmkcruhe61.png,1612023103.0,"{'author': '[deleted]', 'created_utc': 1612023103, 'title': 'Nice', 'url': 'https://i.redd.it/pvgmmkcruhe61.png', 'created': 1612023103.0}",2021-01-30 16:11:43
78,deah12,1612023101,BABA RUMORS,https://i.redd.it/wa16u1msuhe61.jpg,1612023101.0,"{'author': 'deah12', 'created_utc': 1612023101, 'title': 'BABA RUMORS', 'url': 'https://i.redd.it/wa16u1msuhe61.jpg', 'created': 1612023101.0}",2021-01-30 16:11:41
79,Rare_Scientist780,1612023100,What about,https://www.reddit.com/r/wallstreetbets/comments/l8ouvz/what_about/,1612023100.0,"{'author': 'Rare_Scientist780', 'created_utc': 1612023100, 'title': 'What about', 'url': 'https://www.reddit.com/r/wallstreetbets/comments/l8ouvz/what_about/', 'created': 1612023100.0}",2021-01-30 16:11:40
80,Whatupcuzz84,1612023097,What to do about shady broker??,https://www.reddit.com/r/wallstreetbets/comments/l8ouu9/what_to_do_about_shady_broker/,1612023097.0,"{'author': 'Whatupcuzz84', 'created_utc': 1612023097, 'title': 'What to do about shady broker??', 'url': 'https://www.reddit.com/r/wallstreetbets/comments/l8ouu9/what_to_do_about_shady_broker/', 'created': 1612023097.0}",2021-01-30 16:11:37
81,matttiggz,1612023097,XRP on the rise,https://www.reddit.com/r/wallstreetbets/comments/l8ouu4/xrp_on_the_rise/,1612023097.0,"{'author': 'matttiggz', 'created_utc': 1612023097, 'title': 'XRP on the rise', 'url': 'https://www.reddit.com/r/wallstreetbets/comments/l8ouu4/xrp_on_the_rise/', 'created': 1612023097.0}",2021-01-30 16:11:37
82,Careless-Finding-599,1612023092,I’m still fired up on a Saturday,https://i.redd.it/v3s53fwruhe61.jpg,1612023092.0,"{'author': 'Careless-Finding-599', 'created_utc': 1612023092, 'title': 'I’m still fired up on a Saturday', 'url': 'https://i.redd.it/v3s53fwruhe61.jpg', 'created': 1612023092.0}",2021-01-30 16:11:32
83,DocKripsy,1612023092,"If you can’t get your hands on XRP, buy XLM",https://www.reddit.com/r/wallstreetbets/comments/l8ous6/if_you_cant_get_your_hands_on_xrp_buy_xlm/,1612023092.0,"{'author': 'DocKripsy', 'created_utc': 1612023092, 'title': 'If you can’t get your hands on XRP, buy XLM', 'url': 'https://www.reddit.com/r/wallstreetbets/comments/l8ous6/if_you_cant_get_your_hands_on_xrp_buy_xlm/', 'created': 1612023092.0}",2021-01-30 16:11:32
84,simplejack420,1612023089,Is Dogecoin finished?,https://www.reddit.com/r/wallstreetbets/comments/l8ouqo/is_dogecoin_finished/,1612023089.0,"{'author': 'simplejack420', 'created_utc': 1612023089, 'title': 'Is Dogecoin finished?', 'url': 'https://www.reddit.com/r/wallstreetbets/comments/l8ouqo/is_dogecoin_finished/', 'created': 1612023089.0}",2021-01-30 16:11:29
85,DrunkSethRogan,1612023087,Why not,https://www.reddit.com/r/wallstreetbets/comments/l8ouq9/why_not/,1612023087.0,"{'author': 'DrunkSethRogan', 'created_utc': 1612023087, 'title': 'Why not', 'url': 'https://www.reddit.com/r/wallstreetbets/comments/l8ouq9/why_not/', 'created': 1612023087.0}",2021-01-30 16:11:27
86,dynolas1,1612023086,Are we now economic anarchist?,https://www.reddit.com/r/wallstreetbets/comments/l8oupq/are_we_now_economic_anarchist/,1612023086.0,"{'author': 'dynolas1', 'created_utc': 1612023086, 'title': 'Are we now economic anarchist?', 'url': 'https://www.reddit.com/r/wallstreetbets/comments/l8oupq/are_we_now_economic_anarchist/', 'created': 1612023086.0}",2021-01-30 16:11:26
87,hentaiIS300,1612023084,So uhhh... dogecoin is dead?,https://www.reddit.com/r/wallstreetbets/comments/l8ouoi/so_uhhh_dogecoin_is_dead/,1612023084.0,"{'author': 'hentaiIS300', 'created_utc': 1612023084, 'title': 'So uhhh... dogecoin is dead?', 'url': 'https://www.reddit.com/r/wallstreetbets/comments/l8ouoi/so_uhhh_dogecoin_is_dead/', 'created': 1612023084.0}",2021-01-30 16:11:24
88,Scorsese_bathwater,1612023075,🚀 GME 1/29 Call option question for my ✋💎🦍🦧,https://www.reddit.com/r/wallstreetbets/comments/l8oukr/gme_129_call_option_question_for_my/,1612023075.0,"{'author': 'Scorsese_bathwater', 'created_utc': 1612023075, 'title': '🚀 GME 1/29 Call option question for my ✋💎🦍\U0001f9a7', 'url': 'https://www.reddit.com/r/wallstreetbets/comments/l8oukr/gme_129_call_option_question_for_my/', 'created': 1612023075.0}",2021-01-30 16:11:15
89,Difficult_Figure_815,1612023074,newbie here GME U.K. Exchanges,https://www.reddit.com/r/wallstreetbets/comments/l8oukh/newbie_here_gme_uk_exchanges/,1612023074.0,"{'author': 'Difficult_Figure_815', 'created_utc': 1612023074, 'title': 'newbie here GME U.K. Exchanges', 'url': 'https://www.reddit.com/r/wallstreetbets/comments/l8oukh/newbie_here_gme_uk_exchanges/', 'created': 1612023074.0}",2021-01-30 16:11:14
90,Its_mike_wazowski,1612023070,What prevents RH and others from paying out?,https://www.reddit.com/r/wallstreetbets/comments/l8ouiv/what_prevents_rh_and_others_from_paying_out/,1612023070.0,"{'author': 'Its_mike_wazowski', 'created_utc': 1612023070, 'title': 'What prevents RH and others from paying out?', 'url': 'https://www.reddit.com/r/wallstreetbets/comments/l8ouiv/what_prevents_rh_and_others_from_paying_out/', 'created': 1612023070.0}",2021-01-30 16:11:10
91,damoanranger,1612023070,Wouldn’t it be great If GME actually becomes a viable company in the end?,https://www.reddit.com/r/wallstreetbets/comments/l8ouio/wouldnt_it_be_great_if_gme_actually_becomes_a/,1612023070.0,"{'author': 'damoanranger', 'created_utc': 1612023070, 'title': 'Wouldn’t it be great If GME actually becomes a viable company in the end?', 'url': 'https://www.reddit.com/r/wallstreetbets/comments/l8ouio/wouldnt_it_be_great_if_gme_actually_becomes_a/', 'created': 1612023070.0}",2021-01-30 16:11:10
92,BarrelMaker15,1612023069,Let’s all show DFV some love!!!!,https://www.reddit.com/r/wallstreetbets/comments/l8ouih/lets_all_show_dfv_some_love/,1612023069.0,"{'author': 'BarrelMaker15', 'created_utc': 1612023069, 'title': 'Let’s all show DFV some love!!!!', 'url': 'https://www.reddit.com/r/wallstreetbets/comments/l8ouih/lets_all_show_dfv_some_love/', 'created': 1612023069.0}",2021-01-30 16:11:09
93,Mrpeanuts21,1612023066,"So, my boss fired me to keep his incompetent nephew in the company. All I got left is $500 on Robin Hood and a huge medical bill. I need help to invest that money and survive at least one month. Please.",https://i.redd.it/wekbyc6puhe61.jpg,1612023066.0,"{'author': 'Mrpeanuts21', 'created_utc': 1612023066, 'title': 'So, my boss fired me to keep his incompetent nephew in the company. All I got left is $500 on Robin Hood and a huge medical bill. I need help to invest that money and survive at least one month. Please.', 'url': 'https://i.redd.it/wekbyc6puhe61.jpg', 'created': 1612023066.0}",2021-01-30 16:11:06
94,Mangiorephoto,1612023065,Buy more GME. We like the stock.,https://i.redd.it/1yar7l1puhe61.jpg,1612023065.0,"{'author': 'Mangiorephoto', 'created_utc': 1612023065, 'title': 'Buy more GME. We like the stock.', 'url': 'https://i.redd.it/1yar7l1puhe61.jpg', 'created': 1612023065.0}",2021-01-30 16:11:05
95,[deleted],1612023060,Hedge fund goons shorting cancer stock - attack,https://www.reddit.com/r/wallstreetbets/comments/l8oueh/hedge_fund_goons_shorting_cancer_stock_attack/,1612023060.0,"{'author': '[deleted]', 'created_utc': 1612023060, 'title': 'Hedge fund goons shorting cancer stock - attack', 'url': 'https://www.reddit.com/r/wallstreetbets/comments/l8oueh/hedge_fund_goons_shorting_cancer_stock_attack/', 'created': 1612023060.0}",2021-01-30 16:11:00
96,Ok-Mechanic9217,1612023059,Can we do more than just hold?,https://www.reddit.com/r/wallstreetbets/comments/l8oue6/can_we_do_more_than_just_hold/,1612023059.0,"{'author': 'Ok-Mechanic9217', 'created_utc': 1612023059, 'title': 'Can we do more than just hold?', 'url': 'https://www.reddit.com/r/wallstreetbets/comments/l8oue6/can_we_do_more_than_just_hold/', 'created': 1612023059.0}",2021-01-30 16:10:59
97,Unlimited_Value83,1612023058,RH limits 1 share. WTF. Other options for Monday morning trading? 🚀,https://www.reddit.com/r/wallstreetbets/comments/l8oudv/rh_limits_1_share_wtf_other_options_for_monday/,1612023058.0,"{'author': 'Unlimited_Value83', 'created_utc': 1612023058, 'title': 'RH limits 1 share. WTF. Other options for Monday morning trading? 🚀', 'url': 'https://www.reddit.com/r/wallstreetbets/comments/l8oudv/rh_limits_1_share_wtf_other_options_for_monday/', 'created': 1612023058.0}",2021-01-30 16:10:58
98,canadiankid68,1612023056,DOGE TO A DOLLAR,https://www.reddit.com/r/wallstreetbets/comments/l8oucy/doge_to_a_dollar/,1612023056.0,"{'author': 'canadiankid68', 'created_utc': 1612023056, 'title': 'DOGE TO A DOLLAR', 'url': 'https://www.reddit.com/r/wallstreetbets/comments/l8oucy/doge_to_a_dollar/', 'created': 1612023056.0}",2021-01-30 16:10:56
99,[deleted],1612023055,They are talking about the 🚀🚀🚀 boys,https://i.redd.it/qu0kolwnuhe61.jpg,1612023055.0,"{'author': '[deleted]', 'created_utc': 1612023055, 'title': 'They are talking about the 🚀🚀🚀 boys', 'url': 'https://i.redd.it/qu0kolwnuhe61.jpg', 'created': 1612023055.0}",2021-01-30 16:10:55
