,author,created_utc,title,url,created,d_,created_utc_dt
0,shanghainano,1611837695,"More insults from ""all-star"" investors. Prove them wrong $AMC $GME",https://www.reddit.com/r/wallstreetbets/comments/l6vna4/more_insults_from_allstar_investors_prove_them/,1611837695.0,"{'author': 'shanghainano', 'created_utc': 1611837695, 'title': 'More insults from ""all-star"" investors. Prove them wrong $AMC $GME', 'url': 'https://www.reddit.com/r/wallstreetbets/comments/l6vna4/more_insults_from_allstar_investors_prove_them/', 'created': 1611837695.0}",2021-01-28 12:41:35
1,Icy-Eagle509,1611837693,G. ood. M. orning E. verybody!!!!!!!,https://www.reddit.com/r/wallstreetbets/comments/l6vn9j/g_ood_m_orning_e_verybody/,1611837693.0,"{'author': 'Icy-Eagle509', 'created_utc': 1611837693, 'title': 'G. ood. M. orning E. verybody!!!!!!!', 'url': 'https://www.reddit.com/r/wallstreetbets/comments/l6vn9j/g_ood_m_orning_e_verybody/', 'created': 1611837693.0}",2021-01-28 12:41:33
2,Squirrel_Khan,1611837691,WTF t212 i know there is a high risk to this stock just let me buy,https://i.redd.it/auxxyvchj2e61.jpg,1611837691.0,"{'author': 'Squirrel_Khan', 'created_utc': 1611837691, 'title': 'WTF t212 i know there is a high risk to this stock just let me buy', 'url': 'https://i.redd.it/auxxyvchj2e61.jpg', 'created': 1611837691.0}",2021-01-28 12:41:31
3,imalwright,1611837690,While everyone is focusing on GME (including myself &gt;200 shares) imma quietly keeping swiping more TR. 🚀 🚀,https://i.redd.it/879p4f7hj2e61.jpg,1611837690.0,"{'author': 'imalwright', 'created_utc': 1611837690, 'title': 'While everyone is focusing on GME (including myself &gt;200 shares) imma quietly keeping swiping more TR. 🚀 🚀', 'url': 'https://i.redd.it/879p4f7hj2e61.jpg', 'created': 1611837690.0}",2021-01-28 12:41:30
4,Nitriano,1611837688,Can we all rescue J.C Penny cpprq who are blink of bankruptcy please 🙏,https://www.reddit.com/r/wallstreetbets/comments/l6vn79/can_we_all_rescue_jc_penny_cpprq_who_are_blink_of/,1611837688.0,"{'author': 'Nitriano', 'created_utc': 1611837688, 'title': 'Can we all rescue J.C Penny cpprq who are blink of bankruptcy please 🙏', 'url': 'https://www.reddit.com/r/wallstreetbets/comments/l6vn79/can_we_all_rescue_jc_penny_cpprq_who_are_blink_of/', 'created': 1611837688.0}",2021-01-28 12:41:28
5,Nervj,1611837688,Avengers Assemble,https://i.redd.it/9cph3z1hj2e61.jpg,1611837688.0,"{'author': 'Nervj', 'created_utc': 1611837688, 'title': 'Avengers Assemble', 'url': 'https://i.redd.it/9cph3z1hj2e61.jpg', 'created': 1611837688.0}",2021-01-28 12:41:28
6,does-it-mater,1611837686,"This is insane. To everyone that held after hours yesterday, u all real ones, I was down 800 out of 3,000 dollars in my bank account but 12 hours later am up 1k. GME TO THE MOON,",https://www.reddit.com/r/wallstreetbets/comments/l6vn6f/this_is_insane_to_everyone_that_held_after_hours/,1611837686.0,"{'author': 'does-it-mater', 'created_utc': 1611837686, 'title': 'This is insane. To everyone that held after hours yesterday, u all real ones, I was down 800 out of 3,000 dollars in my bank account but 12 hours later am up 1k. GME TO THE MOON,', 'url': 'https://www.reddit.com/r/wallstreetbets/comments/l6vn6f/this_is_insane_to_everyone_that_held_after_hours/', 'created': 1611837686.0}",2021-01-28 12:41:26
7,CinematicDuh,1611837686,Here it comes. G R O U N D. F L O O R. pricing and A.M. interest = 🚀🚀🚀🚀,https://i.redd.it/yk0j58tgj2e61.jpg,1611837686.0,"{'author': 'CinematicDuh', 'created_utc': 1611837686, 'title': 'Here it comes. G R O U N D. F L O O R. pricing and A.M. interest = 🚀🚀🚀🚀', 'url': 'https://i.redd.it/yk0j58tgj2e61.jpg', 'created': 1611837686.0}",2021-01-28 12:41:26
8,frazierwjustin313,1611837685,Silver sqeese,https://www.reddit.com/r/wallstreetbets/comments/l6vn62/silver_sqeese/,1611837685.0,"{'author': 'frazierwjustin313', 'created_utc': 1611837685, 'title': 'Silver sqeese', 'url': 'https://www.reddit.com/r/wallstreetbets/comments/l6vn62/silver_sqeese/', 'created': 1611837685.0}",2021-01-28 12:41:25
9,Gullible-Ad6565,1611837684,Is AG the next to pop?,https://www.reddit.com/r/wallstreetbets/comments/l6vn59/is_ag_the_next_to_pop/,1611837684.0,"{'author': 'Gullible-Ad6565', 'created_utc': 1611837684, 'title': 'Is AG the next to pop?', 'url': 'https://www.reddit.com/r/wallstreetbets/comments/l6vn59/is_ag_the_next_to_pop/', 'created': 1611837684.0}",2021-01-28 12:41:24
10,Tjp29-,1611837681,AMC? 🚀📈,https://www.reddit.com/r/wallstreetbets/comments/l6vn41/amc/,1611837681.0,"{'author': 'Tjp29-', 'created_utc': 1611837681, 'title': 'AMC? 🚀📈', 'url': 'https://www.reddit.com/r/wallstreetbets/comments/l6vn41/amc/', 'created': 1611837681.0}",2021-01-28 12:41:21
11,amirmusa,1611837680,AMC &amp; Gamestop set in reduce only mode!,https://i.redd.it/nh4s4h3gj2e61.jpg,1611837680.0,"{'author': 'amirmusa', 'created_utc': 1611837680, 'title': 'AMC &amp; Gamestop set in reduce only mode!', 'url': 'https://i.redd.it/nh4s4h3gj2e61.jpg', 'created': 1611837680.0}",2021-01-28 12:41:20
12,HopeZeorax,1611837680,Is it worth investing in AMC shares right now?,https://www.reddit.com/r/wallstreetbets/comments/l6vn3o/is_it_worth_investing_in_amc_shares_right_now/,1611837680.0,"{'author': 'HopeZeorax', 'created_utc': 1611837680, 'title': 'Is it worth investing in AMC shares right now?', 'url': 'https://www.reddit.com/r/wallstreetbets/comments/l6vn3o/is_it_worth_investing_in_amc_shares_right_now/', 'created': 1611837680.0}",2021-01-28 12:41:20
13,avivdv,1611837679,What do we do with NOK (nokia) ?!?,https://www.reddit.com/r/wallstreetbets/comments/l6vn3m/what_do_we_do_with_nok_nokia/,1611837679.0,"{'author': 'avivdv', 'created_utc': 1611837679, 'title': 'What do we do with NOK (nokia) ?!?', 'url': 'https://www.reddit.com/r/wallstreetbets/comments/l6vn3m/what_do_we_do_with_nok_nokia/', 'created': 1611837679.0}",2021-01-28 12:41:19
14,Nosebluhd,1611837679,"Found this song; seemed appropriate for y'all - ""OK Boomer (Bury Me with All My Money)""",https://youtu.be/Hk0KnhaYH2Q,1611837679.0,"{'author': 'Nosebluhd', 'created_utc': 1611837679, 'title': 'Found this song; seemed appropriate for y\'all - ""OK Boomer (Bury Me with All My Money)""', 'url': 'https://youtu.be/Hk0KnhaYH2Q', 'created': 1611837679.0}",2021-01-28 12:41:19
15,chasemas007,1611837677,$NAKD To The Moon!,https://www.reddit.com/r/wallstreetbets/comments/l6vn2r/nakd_to_the_moon/,1611837677.0,"{'author': 'chasemas007', 'created_utc': 1611837677, 'title': '$NAKD To The Moon!', 'url': 'https://www.reddit.com/r/wallstreetbets/comments/l6vn2r/nakd_to_the_moon/', 'created': 1611837677.0}",2021-01-28 12:41:17
16,Copperhood,1611837676,Good morning! Buy and play responsibly game stop.,https://www.reddit.com/r/wallstreetbets/comments/l6vn2l/good_morning_buy_and_play_responsibly_game_stop/,1611837676.0,"{'author': 'Copperhood', 'created_utc': 1611837676, 'title': 'Good morning! Buy and play responsibly game stop.', 'url': 'https://www.reddit.com/r/wallstreetbets/comments/l6vn2l/good_morning_buy_and_play_responsibly_game_stop/', 'created': 1611837676.0}",2021-01-28 12:41:16
17,TotallyNotSerpine,1611837675,Looking to get a piece of the action,https://www.reddit.com/r/wallstreetbets/comments/l6vn29/looking_to_get_a_piece_of_the_action/,1611837675.0,"{'author': 'TotallyNotSerpine', 'created_utc': 1611837675, 'title': 'Looking to get a piece of the action', 'url': 'https://www.reddit.com/r/wallstreetbets/comments/l6vn29/looking_to_get_a_piece_of_the_action/', 'created': 1611837675.0}",2021-01-28 12:41:15
18,ryanbebb,1611837674,I mean... It’s definitely laugh out loud funny,https://i.redd.it/l4842rkfj2e61.jpg,1611837674.0,"{'author': 'ryanbebb', 'created_utc': 1611837674, 'title': 'I mean... It’s definitely laugh out loud funny', 'url': 'https://i.redd.it/l4842rkfj2e61.jpg', 'created': 1611837674.0}",2021-01-28 12:41:14
19,Hydrocake,1611837673,🚀🚀🚀,https://i.redd.it/cnp37vbfj2e61.png,1611837673.0,"{'author': 'Hydrocake', 'created_utc': 1611837673, 'title': '🚀🚀🚀', 'url': 'https://i.redd.it/cnp37vbfj2e61.png', 'created': 1611837673.0}",2021-01-28 12:41:13
20,Grafiboi,1611837671,Made a low effort Shitpost to honour this sub,https://www.youtube.com/watch?v=02qmdBT5poc,1611837671.0,"{'author': 'Grafiboi', 'created_utc': 1611837671, 'title': 'Made a low effort Shitpost to honour this sub', 'url': 'https://www.youtube.com/watch?v=02qmdBT5poc', 'created': 1611837671.0}",2021-01-28 12:41:11
21,biglimb124,1611837670,Is it still worth buying into GameStop now?? Left it a bit late,https://www.reddit.com/r/wallstreetbets/comments/l6vmzv/is_it_still_worth_buying_into_gamestop_now_left/,1611837670.0,"{'author': 'biglimb124', 'created_utc': 1611837670, 'title': 'Is it still worth buying into GameStop now?? Left it a bit late', 'url': 'https://www.reddit.com/r/wallstreetbets/comments/l6vmzv/is_it_still_worth_buying_into_gamestop_now_left/', 'created': 1611837670.0}",2021-01-28 12:41:10
22,NE_yeti,1611837667,Sold my BB calls and added them to my GME positions. This is everything I have. All my bank accounts have been drained for this. 🚀 🚀 🚀,https://imgur.com/a/8TB9Otx/,1611837667.0,"{'author': 'NE_yeti', 'created_utc': 1611837667, 'title': 'Sold my BB calls and added them to my GME positions. This is everything I have. All my bank accounts have been drained for this. 🚀 🚀 🚀', 'url': 'https://imgur.com/a/8TB9Otx/', 'created': 1611837667.0}",2021-01-28 12:41:07
23,Xeruses,1611837667,"When you don’t have real money,bet 221k of fake money on GME.Hold it to $1000.",https://i.redd.it/ighixttej2e61.jpg,1611837667.0,"{'author': 'Xeruses', 'created_utc': 1611837667, 'title': 'When you don’t have real money,bet 221k of fake money on GME.Hold it to $1000.', 'url': 'https://i.redd.it/ighixttej2e61.jpg', 'created': 1611837667.0}",2021-01-28 12:41:07
24,brucester1957,1611837667,A Cancer Stock That Has Been Overlooked &amp; Undervalued For Too Long,https://www.provectusbio.com/corporate-presentation/,1611837667.0,"{'author': 'brucester1957', 'created_utc': 1611837667, 'title': 'A Cancer Stock That Has Been Overlooked &amp; Undervalued For Too Long', 'url': 'https://www.provectusbio.com/corporate-presentation/', 'created': 1611837667.0}",2021-01-28 12:41:07
25,GroundbreakingAge70,1611837667,AMC BUY Baby BUY let’s push it to $50😜,https://www.reddit.com/r/wallstreetbets/comments/l6vmyl/amc_buy_baby_buy_lets_push_it_to_50/,1611837667.0,"{'author': 'GroundbreakingAge70', 'created_utc': 1611837667, 'title': 'AMC BUY Baby BUY let’s push it to $50😜', 'url': 'https://www.reddit.com/r/wallstreetbets/comments/l6vmyl/amc_buy_baby_buy_lets_push_it_to_50/', 'created': 1611837667.0}",2021-01-28 12:41:07
26,BigCryptoDad,1611837666,Didn't the position get closed out?,https://www.reddit.com/r/wallstreetbets/comments/l6vmyc/didnt_the_position_get_closed_out/,1611837666.0,"{'author': 'BigCryptoDad', 'created_utc': 1611837666, 'title': ""Didn't the position get closed out?"", 'url': 'https://www.reddit.com/r/wallstreetbets/comments/l6vmyc/didnt_the_position_get_closed_out/', 'created': 1611837666.0}",2021-01-28 12:41:06
27,hello_hack0r,1611837665,So Why You Should Hold,https://www.reddit.com/r/wallstreetbets/comments/l6vmxr/so_why_you_should_hold/,1611837665.0,"{'author': 'hello_hack0r', 'created_utc': 1611837665, 'title': 'So Why You Should Hold', 'url': 'https://www.reddit.com/r/wallstreetbets/comments/l6vmxr/so_why_you_should_hold/', 'created': 1611837665.0}",2021-01-28 12:41:05
28,dipsnatcher,1611837660,SRNE SORRENTO,https://www.reddit.com/r/wallstreetbets/comments/l6vmvx/srne_sorrento/,1611837660.0,"{'author': 'dipsnatcher', 'created_utc': 1611837660, 'title': 'SRNE SORRENTO', 'url': 'https://www.reddit.com/r/wallstreetbets/comments/l6vmvx/srne_sorrento/', 'created': 1611837660.0}",2021-01-28 12:41:00
29,Ok_Tackle3452,1611837660,Help our Veterans with this stock,https://www.reddit.com/r/wallstreetbets/comments/l6vmvv/help_our_veterans_with_this_stock/,1611837660.0,"{'author': 'Ok_Tackle3452', 'created_utc': 1611837660, 'title': 'Help our Veterans with this stock', 'url': 'https://www.reddit.com/r/wallstreetbets/comments/l6vmvv/help_our_veterans_with_this_stock/', 'created': 1611837660.0}",2021-01-28 12:41:00
30,Crevative,1611837660,WE ARE SOLVING WEALTH INEQUALITY!,https://i.redd.it/8y4jp82ej2e61.jpg,1611837660.0,"{'author': 'Crevative', 'created_utc': 1611837660, 'title': 'WE ARE SOLVING WEALTH INEQUALITY!', 'url': 'https://i.redd.it/8y4jp82ej2e61.jpg', 'created': 1611837660.0}",2021-01-28 12:41:00
31,the_ry_x,1611837659,Reducing the power to invest!,https://i.redd.it/rtdjzvddj2e61.jpg,1611837659.0,"{'author': 'the_ry_x', 'created_utc': 1611837659, 'title': 'Reducing the power to invest!', 'url': 'https://i.redd.it/rtdjzvddj2e61.jpg', 'created': 1611837659.0}",2021-01-28 12:40:59
32,alx_z,1611837659,He who has a why to HOLD can bear almost any how.,https://www.reddit.com/r/wallstreetbets/comments/l6vmvj/he_who_has_a_why_to_hold_can_bear_almost_any_how/,1611837659.0,"{'author': 'alx_z', 'created_utc': 1611837659, 'title': 'He who has a why to HOLD can bear almost any how.', 'url': 'https://www.reddit.com/r/wallstreetbets/comments/l6vmvj/he_who_has_a_why_to_hold_can_bear_almost_any_how/', 'created': 1611837659.0}",2021-01-28 12:40:59
33,MrMYI,1611837659,Banned from buying $GME and $AMC,https://www.reddit.com/r/wallstreetbets/comments/l6vmvf/banned_from_buying_gme_and_amc/,1611837659.0,"{'author': 'MrMYI', 'created_utc': 1611837659, 'title': 'Banned from buying $GME and $AMC', 'url': 'https://www.reddit.com/r/wallstreetbets/comments/l6vmvf/banned_from_buying_gme_and_amc/', 'created': 1611837659.0}",2021-01-28 12:40:59
34,mayureshdhat,1611837657,Cotadel is taking advantage of us,https://www.reddit.com/r/wallstreetbets/comments/l6vmul/cotadel_is_taking_advantage_of_us/,1611837657.0,"{'author': 'mayureshdhat', 'created_utc': 1611837657, 'title': 'Cotadel is taking advantage of us', 'url': 'https://www.reddit.com/r/wallstreetbets/comments/l6vmul/cotadel_is_taking_advantage_of_us/', 'created': 1611837657.0}",2021-01-28 12:40:57
35,denniscapelo,1611837655,GEVO,https://www.reddit.com/r/wallstreetbets/comments/l6vmtt/gevo/,1611837655.0,"{'author': 'denniscapelo', 'created_utc': 1611837655, 'title': 'GEVO', 'url': 'https://www.reddit.com/r/wallstreetbets/comments/l6vmtt/gevo/', 'created': 1611837655.0}",2021-01-28 12:40:55
36,emillergy,1611837655,Blow this shit up!,https://www.reddit.com/r/wallstreetbets/comments/l6vmtq/blow_this_shit_up/,1611837655.0,"{'author': 'emillergy', 'created_utc': 1611837655, 'title': 'Blow this shit up!', 'url': 'https://www.reddit.com/r/wallstreetbets/comments/l6vmtq/blow_this_shit_up/', 'created': 1611837655.0}",2021-01-28 12:40:55
37,Desperate-Ad-8068,1611837654,Hi all I’m in the UK and only just catching on to this thread never invested before but what’s are the general thoughts on what I should do should I be buying GME today or have I missed the boat.,https://www.reddit.com/r/wallstreetbets/comments/l6vmtc/hi_all_im_in_the_uk_and_only_just_catching_on_to/,1611837654.0,"{'author': 'Desperate-Ad-8068', 'created_utc': 1611837654, 'title': 'Hi all I’m in the UK and only just catching on to this thread never invested before but what’s are the general thoughts on what I should do should I be buying GME today or have I missed the boat.', 'url': 'https://www.reddit.com/r/wallstreetbets/comments/l6vmtc/hi_all_im_in_the_uk_and_only_just_catching_on_to/', 'created': 1611837654.0}",2021-01-28 12:40:54
38,Fun_Jicama_2276,1611837653,Is Nok worth buying,https://www.reddit.com/r/wallstreetbets/comments/l6vmsy/is_nok_worth_buying/,1611837653.0,"{'author': 'Fun_Jicama_2276', 'created_utc': 1611837653, 'title': 'Is Nok worth buying', 'url': 'https://www.reddit.com/r/wallstreetbets/comments/l6vmsy/is_nok_worth_buying/', 'created': 1611837653.0}",2021-01-28 12:40:53
39,steelbone72,1611837651,AMC Or BB??,https://www.reddit.com/r/wallstreetbets/comments/l6vms5/amc_or_bb/,1611837651.0,"{'author': 'steelbone72', 'created_utc': 1611837651, 'title': 'AMC Or BB??', 'url': 'https://www.reddit.com/r/wallstreetbets/comments/l6vms5/amc_or_bb/', 'created': 1611837651.0}",2021-01-28 12:40:51
40,brokendresser1,1611837650,Bagholding and Bubbles (why you won't be left behind),https://www.reddit.com/r/wallstreetbets/comments/l6vms2/bagholding_and_bubbles_why_you_wont_be_left_behind/,1611837650.0,"{'author': 'brokendresser1', 'created_utc': 1611837650, 'title': ""Bagholding and Bubbles (why you won't be left behind)"", 'url': 'https://www.reddit.com/r/wallstreetbets/comments/l6vms2/bagholding_and_bubbles_why_you_wont_be_left_behind/', 'created': 1611837650.0}",2021-01-28 12:40:50
41,EpicMangina,1611837649,ROBINHOOD UPDATE: GME PURCHASE RESTRICTIONS,https://www.reddit.com/r/wallstreetbets/comments/l6vmrf/robinhood_update_gme_purchase_restrictions/,1611837649.0,"{'author': 'EpicMangina', 'created_utc': 1611837649, 'title': 'ROBINHOOD UPDATE: GME PURCHASE RESTRICTIONS', 'url': 'https://www.reddit.com/r/wallstreetbets/comments/l6vmrf/robinhood_update_gme_purchase_restrictions/', 'created': 1611837649.0}",2021-01-28 12:40:49
42,NauticalTrade,1611837648,new Short Squeeze play,https://www.reddit.com/r/wallstreetbets/comments/l6vmr9/new_short_squeeze_play/,1611837648.0,"{'author': 'NauticalTrade', 'created_utc': 1611837648, 'title': 'new Short Squeeze play', 'url': 'https://www.reddit.com/r/wallstreetbets/comments/l6vmr9/new_short_squeeze_play/', 'created': 1611837648.0}",2021-01-28 12:40:48
43,yonisaffra,1611837647,I made a WSB playlist!,https://www.reddit.com/r/wallstreetbets/comments/l6vmr2/i_made_a_wsb_playlist/,1611837647.0,"{'author': 'yonisaffra', 'created_utc': 1611837647, 'title': 'I made a WSB playlist!', 'url': 'https://www.reddit.com/r/wallstreetbets/comments/l6vmr2/i_made_a_wsb_playlist/', 'created': 1611837647.0}",2021-01-28 12:40:47
44,obryanjjaysal,1611837647,GME and AMC and everything else not stopping till we get that tiger,https://i.redd.it/mjrdwhncj2e61.jpg,1611837647.0,"{'author': 'obryanjjaysal', 'created_utc': 1611837647, 'title': 'GME and AMC and everything else not stopping till we get that tiger', 'url': 'https://i.redd.it/mjrdwhncj2e61.jpg', 'created': 1611837647.0}",2021-01-28 12:40:47
45,zachb0hn,1611837644,Is it too late to get in?,https://www.reddit.com/r/wallstreetbets/comments/l6vmpm/is_it_too_late_to_get_in/,1611837644.0,"{'author': 'zachb0hn', 'created_utc': 1611837644, 'title': 'Is it too late to get in?', 'url': 'https://www.reddit.com/r/wallstreetbets/comments/l6vmpm/is_it_too_late_to_get_in/', 'created': 1611837644.0}",2021-01-28 12:40:44
46,SnooRegrets5821,1611837642,NAKD,https://i.redd.it/b40n7rrbj2e61.jpg,1611837642.0,"{'author': 'SnooRegrets5821', 'created_utc': 1611837642, 'title': 'NAKD', 'url': 'https://i.redd.it/b40n7rrbj2e61.jpg', 'created': 1611837642.0}",2021-01-28 12:40:42
47,Comfortable_Ad9955,1611837640,New stock every montn,https://www.reddit.com/r/wallstreetbets/comments/l6vmoe/new_stock_every_montn/,1611837640.0,"{'author': 'Comfortable_Ad9955', 'created_utc': 1611837640, 'title': 'New stock every montn', 'url': 'https://www.reddit.com/r/wallstreetbets/comments/l6vmoe/new_stock_every_montn/', 'created': 1611837640.0}",2021-01-28 12:40:40
48,asho145,1611837640,Don't forget 💎👐,https://www.reddit.com/r/wallstreetbets/comments/l6vmob/dont_forget/,1611837640.0,"{'author': 'asho145', 'created_utc': 1611837640, 'title': ""Don't forget 💎👐"", 'url': 'https://www.reddit.com/r/wallstreetbets/comments/l6vmob/dont_forget/', 'created': 1611837640.0}",2021-01-28 12:40:40
49,axRotmg,1611837638,Just dumped $150 on AMC,https://www.reddit.com/r/wallstreetbets/comments/l6vmo4/just_dumped_150_on_amc/,1611837638.0,"{'author': 'axRotmg', 'created_utc': 1611837638, 'title': 'Just dumped $150 on AMC', 'url': 'https://www.reddit.com/r/wallstreetbets/comments/l6vmo4/just_dumped_150_on_amc/', 'created': 1611837638.0}",2021-01-28 12:40:38
50,shebhdjdnejdjdjdjdj,1611837638,HOLD BOYS,https://i.redd.it/4cjwo9qbj2e61.jpg,1611837638.0,"{'author': 'shebhdjdnejdjdjdjdj', 'created_utc': 1611837638, 'title': 'HOLD BOYS', 'url': 'https://i.redd.it/4cjwo9qbj2e61.jpg', 'created': 1611837638.0}",2021-01-28 12:40:38
51,Ok-Replacement8847,1611837637,"🚀🚀🚀🚀 CTRM, NOK, AMC, NAKD 🚀🚀🚀",https://i.redd.it/dkuc20mbj2e61.jpg,1611837637.0,"{'author': 'Ok-Replacement8847', 'created_utc': 1611837637, 'title': '🚀🚀🚀🚀 CTRM, NOK, AMC, NAKD 🚀🚀🚀', 'url': 'https://i.redd.it/dkuc20mbj2e61.jpg', 'created': 1611837637.0}",2021-01-28 12:40:37
52,ToribioVerde,1611837637,"Buy the dip, but also break the walls",https://www.reddit.com/r/wallstreetbets/comments/l6vmnl/buy_the_dip_but_also_break_the_walls/,1611837637.0,"{'author': 'ToribioVerde', 'created_utc': 1611837637, 'title': 'Buy the dip, but also break the walls', 'url': 'https://www.reddit.com/r/wallstreetbets/comments/l6vmnl/buy_the_dip_but_also_break_the_walls/', 'created': 1611837637.0}",2021-01-28 12:40:37
53,rosswellstud,1611837635,GAMESTONKS explained for autist ape,https://i.redd.it/879rd9dbj2e61.jpg,1611837635.0,"{'author': 'rosswellstud', 'created_utc': 1611837635, 'title': 'GAMESTONKS explained for autist ape', 'url': 'https://i.redd.it/879rd9dbj2e61.jpg', 'created': 1611837635.0}",2021-01-28 12:40:35
54,gnastd,1611837632,Remember the time Hodor saved the seven kingdoms with his 💎🙌. BE HODOR. BE STRONG. HODL THE F-ING DOOR WHEN MELVIN AND HIS WHITE WALKERS COME KNOCKING. 🚀🚀🚀🚀🚀,https://i.redd.it/bddekt2bj2e61.jpg,1611837632.0,"{'author': 'gnastd', 'created_utc': 1611837632, 'title': 'Remember the time Hodor saved the seven kingdoms with his 💎🙌. BE HODOR. BE STRONG. HODL THE F-ING DOOR WHEN MELVIN AND HIS WHITE WALKERS COME KNOCKING. 🚀🚀🚀🚀🚀', 'url': 'https://i.redd.it/bddekt2bj2e61.jpg', 'created': 1611837632.0}",2021-01-28 12:40:32
55,XYZ_kfc,1611837631,Newbie.,https://www.reddit.com/r/wallstreetbets/comments/l6vmlq/newbie/,1611837631.0,"{'author': 'XYZ_kfc', 'created_utc': 1611837631, 'title': 'Newbie.', 'url': 'https://www.reddit.com/r/wallstreetbets/comments/l6vmlq/newbie/', 'created': 1611837631.0}",2021-01-28 12:40:31
56,hitman1398,1611837631,"I know it's nothing special, but just wanna say I'm here with you all ✊",https://i.redd.it/ln4wxexaj2e61.jpg,1611837631.0,"{'author': 'hitman1398', 'created_utc': 1611837631, 'title': ""I know it's nothing special, but just wanna say I'm here with you all ✊"", 'url': 'https://i.redd.it/ln4wxexaj2e61.jpg', 'created': 1611837631.0}",2021-01-28 12:40:31
57,JimmyTheEsquire,1611837629,CTRM - thoughts?,https://www.reddit.com/r/wallstreetbets/comments/l6vml3/ctrm_thoughts/,1611837629.0,"{'author': 'JimmyTheEsquire', 'created_utc': 1611837629, 'title': 'CTRM - thoughts?', 'url': 'https://www.reddit.com/r/wallstreetbets/comments/l6vml3/ctrm_thoughts/', 'created': 1611837629.0}",2021-01-28 12:40:29
58,Felixsniffer,1611837628,Trading 212 (UK),https://i.redd.it/khjrlefaj2e61.jpg,1611837628.0,"{'author': 'Felixsniffer', 'created_utc': 1611837628, 'title': 'Trading 212 (UK)', 'url': 'https://i.redd.it/khjrlefaj2e61.jpg', 'created': 1611837628.0}",2021-01-28 12:40:28
59,elvenezolanoXD,1611837627,"GAMESTONKS, pls keep buying",https://i.redd.it/9e6sswlaj2e61.jpg,1611837627.0,"{'author': 'elvenezolanoXD', 'created_utc': 1611837627, 'title': 'GAMESTONKS, pls keep buying', 'url': 'https://i.redd.it/9e6sswlaj2e61.jpg', 'created': 1611837627.0}",2021-01-28 12:40:27
60,Lazytitana,1611837626,Sndl,https://www.reddit.com/r/wallstreetbets/comments/l6vmk4/sndl/,1611837626.0,"{'author': 'Lazytitana', 'created_utc': 1611837626, 'title': 'Sndl', 'url': 'https://www.reddit.com/r/wallstreetbets/comments/l6vmk4/sndl/', 'created': 1611837626.0}",2021-01-28 12:40:26
61,marketswatcher,1611837625,"$NOK HAS BEEN RANGEBOUND FOR A DECADE, LET SHOW THEM WHAT WE CAN DO - POWER TO THE PEOPLE ------ HOLD $BB $NOK $GME $AMC $DOGE LETS GO!!",https://www.reddit.com/r/wallstreetbets/comments/l6vmjy/nok_has_been_rangebound_for_a_decade_let_show/,1611837625.0,"{'author': 'marketswatcher', 'created_utc': 1611837625, 'title': '$NOK HAS BEEN RANGEBOUND FOR A DECADE, LET SHOW THEM WHAT WE CAN DO - POWER TO THE PEOPLE ------ HOLD $BB $NOK $GME $AMC $DOGE LETS GO!!', 'url': 'https://www.reddit.com/r/wallstreetbets/comments/l6vmjy/nok_has_been_rangebound_for_a_decade_let_show/', 'created': 1611837625.0}",2021-01-28 12:40:25
62,jeremyw45,1611837625,Amc or nok,https://www.reddit.com/r/wallstreetbets/comments/l6vmjw/amc_or_nok/,1611837625.0,"{'author': 'jeremyw45', 'created_utc': 1611837625, 'title': 'Amc or nok', 'url': 'https://www.reddit.com/r/wallstreetbets/comments/l6vmjw/amc_or_nok/', 'created': 1611837625.0}",2021-01-28 12:40:25
63,MemberMurphysLaw,1611837624,"What is the possibility of GME dropping more stocks, to take advantage of the short squeeze high stock price?",https://www.reddit.com/r/wallstreetbets/comments/l6vmjn/what_is_the_possibility_of_gme_dropping_more/,1611837624.0,"{'author': 'MemberMurphysLaw', 'created_utc': 1611837624, 'title': 'What is the possibility of GME dropping more stocks, to take advantage of the short squeeze high stock price?', 'url': 'https://www.reddit.com/r/wallstreetbets/comments/l6vmjn/what_is_the_possibility_of_gme_dropping_more/', 'created': 1611837624.0}",2021-01-28 12:40:24
64,AlanTheKraken,1611837622,How long are we holding $BB for?,https://www.reddit.com/r/wallstreetbets/comments/l6vmiv/how_long_are_we_holding_bb_for/,1611837622.0,"{'author': 'AlanTheKraken', 'created_utc': 1611837622, 'title': 'How long are we holding $BB for?', 'url': 'https://www.reddit.com/r/wallstreetbets/comments/l6vmiv/how_long_are_we_holding_bb_for/', 'created': 1611837622.0}",2021-01-28 12:40:22
65,Sensei-12,1611837622,"Don't get too #GREEDY ! - Stay #CONSISTANT and #HUMBLE . If we are not, we will fuck ourselves up, like Hedge Fonds are doing right now (through us). DO NOT MAKE THE SAME MISTAKE!!!",https://www.reddit.com/r/wallstreetbets/comments/l6vmio/dont_get_too_greedy_stay_consistant_and_humble_if/,1611837622.0,"{'author': 'Sensei-12', 'created_utc': 1611837622, 'title': ""Don't get too #GREEDY ! - Stay #CONSISTANT and #HUMBLE . If we are not, we will fuck ourselves up, like Hedge Fonds are doing right now (through us). DO NOT MAKE THE SAME MISTAKE!!!"", 'url': 'https://www.reddit.com/r/wallstreetbets/comments/l6vmio/dont_get_too_greedy_stay_consistant_and_humble_if/', 'created': 1611837622.0}",2021-01-28 12:40:22
66,shafich,1611837621,BROKERS HAVE BEGUN TO STOP US FROM BEING ALLOWED TO PURCHASE GME. BUY GS2C ITS GME IN THE EUROPEAN MARKET 🚀🚀🚀🚀🚀 THEY CANT STOP US,https://i.redd.it/d8kehev9j2e61.jpg,1611837621.0,"{'author': 'shafich', 'created_utc': 1611837621, 'title': 'BROKERS HAVE BEGUN TO STOP US FROM BEING ALLOWED TO PURCHASE GME. BUY GS2C ITS GME IN THE EUROPEAN MARKET 🚀🚀🚀🚀🚀 THEY CANT STOP US', 'url': 'https://i.redd.it/d8kehev9j2e61.jpg', 'created': 1611837621.0}",2021-01-28 12:40:21
67,Confident-Pudding160,1611837621,"$VUZI will be the next big stock. Already up 400% in a few months the company has been getting a lot of business post CES for their M400 smart glasses. Augmented reality is the future of surgeries, manufacturing practices, and gaming.",https://www.reddit.com/r/wallstreetbets/comments/l6vmi7/vuzi_will_be_the_next_big_stock_already_up_400_in/,1611837621.0,"{'author': 'Confident-Pudding160', 'created_utc': 1611837621, 'title': '$VUZI will be the next big stock. Already up 400% in a few months the company has been getting a lot of business post CES for their M400 smart glasses. Augmented reality is the future of surgeries, manufacturing practices, and gaming.', 'url': 'https://www.reddit.com/r/wallstreetbets/comments/l6vmi7/vuzi_will_be_the_next_big_stock_already_up_400_in/', 'created': 1611837621.0}",2021-01-28 12:40:21
68,skymih,1611837620,Help! I'm buying stock for the first time through Robinhood!,https://www.reddit.com/r/wallstreetbets/comments/l6vmi2/help_im_buying_stock_for_the_first_time_through/,1611837620.0,"{'author': 'skymih', 'created_utc': 1611837620, 'title': ""Help! I'm buying stock for the first time through Robinhood!"", 'url': 'https://www.reddit.com/r/wallstreetbets/comments/l6vmi2/help_im_buying_stock_for_the_first_time_through/', 'created': 1611837620.0}",2021-01-28 12:40:20
69,keystothesun,1611837618,Anyone can explain why $GOLD went down this much?,https://www.reddit.com/r/wallstreetbets/comments/l6vmh2/anyone_can_explain_why_gold_went_down_this_much/,1611837618.0,"{'author': 'keystothesun', 'created_utc': 1611837618, 'title': 'Anyone can explain why $GOLD went down this much?', 'url': 'https://www.reddit.com/r/wallstreetbets/comments/l6vmh2/anyone_can_explain_why_gold_went_down_this_much/', 'created': 1611837618.0}",2021-01-28 12:40:18
70,Impressive_Flow_162,1611837617,Hedge funds pockets when we’re done,https://i.redd.it/v6icusd9j2e61.jpg,1611837617.0,"{'author': 'Impressive_Flow_162', 'created_utc': 1611837617, 'title': 'Hedge funds pockets when we’re done', 'url': 'https://i.redd.it/v6icusd9j2e61.jpg', 'created': 1611837617.0}",2021-01-28 12:40:17
71,War3Z,1611837617,Elon Musk is trying to tell us something,https://i.redd.it/x8y8qgx6j2e61.jpg,1611837617.0,"{'author': 'War3Z', 'created_utc': 1611837617, 'title': 'Elon Musk is trying to tell us something', 'url': 'https://i.redd.it/x8y8qgx6j2e61.jpg', 'created': 1611837617.0}",2021-01-28 12:40:17
72,stacktrace123,1611837616,CD Project is exploding 🙀🚀 What is going on there?,https://www.reddit.com/r/wallstreetbets/comments/l6vmg6/cd_project_is_exploding_what_is_going_on_there/,1611837616.0,"{'author': 'stacktrace123', 'created_utc': 1611837616, 'title': 'CD Project is exploding 🙀🚀 What is going on there?', 'url': 'https://www.reddit.com/r/wallstreetbets/comments/l6vmg6/cd_project_is_exploding_what_is_going_on_there/', 'created': 1611837616.0}",2021-01-28 12:40:16
73,epicanimeretard69,1611837616,Trading212 prohibits users from buying GME or AMC now,https://www.reddit.com/r/wallstreetbets/comments/l6vmfz/trading212_prohibits_users_from_buying_gme_or_amc/,1611837616.0,"{'author': 'epicanimeretard69', 'created_utc': 1611837616, 'title': 'Trading212 prohibits users from buying GME or AMC now', 'url': 'https://www.reddit.com/r/wallstreetbets/comments/l6vmfz/trading212_prohibits_users_from_buying_gme_or_amc/', 'created': 1611837616.0}",2021-01-28 12:40:16
74,triibergem,1611837615,"Trading212 does not allow you to open new positions on GME or AMC! Why do I have a feeling they don't mean us when they talk about ""mitigating risk for our clients""?",https://i.redd.it/o9pc43r0j2e61.jpg,1611837615.0,"{'author': 'triibergem', 'created_utc': 1611837615, 'title': 'Trading212 does not allow you to open new positions on GME or AMC! Why do I have a feeling they don\'t mean us when they talk about ""mitigating risk for our clients""?', 'url': 'https://i.redd.it/o9pc43r0j2e61.jpg', 'created': 1611837615.0}",2021-01-28 12:40:15
75,banjer,1611837615,TODAY Show: “GameStop? Reddit? An explainer on what's happening in the stock market”,https://www.today.com/tmrw/gamestop-reddit-explainer-what-s-happening-stock-market-t207246,1611837615.0,"{'author': 'banjer', 'created_utc': 1611837615, 'title': ""TODAY Show: “GameStop? Reddit? An explainer on what's happening in the stock market”"", 'url': 'https://www.today.com/tmrw/gamestop-reddit-explainer-what-s-happening-stock-market-t207246', 'created': 1611837615.0}",2021-01-28 12:40:15
76,in2thedarkness,1611837613,Best best for today AMC or BB?,https://www.reddit.com/r/wallstreetbets/comments/l6vmes/best_best_for_today_amc_or_bb/,1611837613.0,"{'author': 'in2thedarkness', 'created_utc': 1611837613, 'title': 'Best best for today AMC or BB?', 'url': 'https://www.reddit.com/r/wallstreetbets/comments/l6vmes/best_best_for_today_amc_or_bb/', 'created': 1611837613.0}",2021-01-28 12:40:13
77,Jelmej2000,1611837613,I don't know shit about this,https://i.redd.it/j5417ky8j2e61.jpg,1611837613.0,"{'author': 'Jelmej2000', 'created_utc': 1611837613, 'title': ""I don't know shit about this"", 'url': 'https://i.redd.it/j5417ky8j2e61.jpg', 'created': 1611837613.0}",2021-01-28 12:40:13
78,OFhaileyteen,1611837612,Helping the stock grow,https://i.redd.it/ea6m3ft8j2e61.jpg,1611837612.0,"{'author': 'OFhaileyteen', 'created_utc': 1611837612, 'title': 'Helping the stock grow', 'url': 'https://i.redd.it/ea6m3ft8j2e61.jpg', 'created': 1611837612.0}",2021-01-28 12:40:12
79,matt7744,1611837607,Don’t be divided,https://www.reddit.com/r/wallstreetbets/comments/l6vmci/dont_be_divided/,1611837607.0,"{'author': 'matt7744', 'created_utc': 1611837607, 'title': 'Don’t be divided', 'url': 'https://www.reddit.com/r/wallstreetbets/comments/l6vmci/dont_be_divided/', 'created': 1611837607.0}",2021-01-28 12:40:07
80,Remarkable-Ad-9978,1611837606,GME to the mooon 🚀🚀🚀,https://www.reddit.com/r/wallstreetbets/comments/l6vmby/gme_to_the_mooon/,1611837606.0,"{'author': 'Remarkable-Ad-9978', 'created_utc': 1611837606, 'title': 'GME to the mooon 🚀🚀🚀', 'url': 'https://www.reddit.com/r/wallstreetbets/comments/l6vmby/gme_to_the_mooon/', 'created': 1611837606.0}",2021-01-28 12:40:06
81,waya0793,1611837604,$JRJC &amp;QTT Worth Watching,https://www.reddit.com/r/wallstreetbets/comments/l6vmb6/jrjc_qtt_worth_watching/,1611837604.0,"{'author': 'waya0793', 'created_utc': 1611837604, 'title': '$JRJC &amp;QTT Worth Watching', 'url': 'https://www.reddit.com/r/wallstreetbets/comments/l6vmb6/jrjc_qtt_worth_watching/', 'created': 1611837604.0}",2021-01-28 12:40:04
82,letsholdpussies,1611837603,$Nok $BB 🚀🚀🚀,https://www.reddit.com/r/wallstreetbets/comments/l6vmat/nok_bb/,1611837603.0,"{'author': 'letsholdpussies', 'created_utc': 1611837603, 'title': '$Nok $BB 🚀🚀🚀', 'url': 'https://www.reddit.com/r/wallstreetbets/comments/l6vmat/nok_bb/', 'created': 1611837603.0}",2021-01-28 12:40:03
83,Kirihum,1611837602,How to get started?,https://www.reddit.com/r/wallstreetbets/comments/l6vmai/how_to_get_started/,1611837602.0,"{'author': 'Kirihum', 'created_utc': 1611837602, 'title': 'How to get started?', 'url': 'https://www.reddit.com/r/wallstreetbets/comments/l6vmai/how_to_get_started/', 'created': 1611837602.0}",2021-01-28 12:40:02
84,SithisWSB,1611837601,Are you doing the same with CD Projekt?,https://www.reddit.com/r/wallstreetbets/comments/l6vma5/are_you_doing_the_same_with_cd_projekt/,1611837601.0,"{'author': 'SithisWSB', 'created_utc': 1611837601, 'title': 'Are you doing the same with CD Projekt?', 'url': 'https://www.reddit.com/r/wallstreetbets/comments/l6vma5/are_you_doing_the_same_with_cd_projekt/', 'created': 1611837601.0}",2021-01-28 12:40:01
85,P538,1611837600,Aston Martin versus Ferrari,https://www.reddit.com/r/wallstreetbets/comments/l6vm9t/aston_martin_versus_ferrari/,1611837600.0,"{'author': 'P538', 'created_utc': 1611837600, 'title': 'Aston Martin versus Ferrari', 'url': 'https://www.reddit.com/r/wallstreetbets/comments/l6vm9t/aston_martin_versus_ferrari/', 'created': 1611837600.0}",2021-01-28 12:40:00
86,Zacrosen,1611837600,Trading 212 limiting activity in UK,https://i.redd.it/8t45k3o7j2e61.jpg,1611837600.0,"{'author': 'Zacrosen', 'created_utc': 1611837600, 'title': 'Trading 212 limiting activity in UK', 'url': 'https://i.redd.it/8t45k3o7j2e61.jpg', 'created': 1611837600.0}",2021-01-28 12:40:00
87,evancooper,1611837600,Apparently this is all “illegal social media’s” fault.,https://i.redd.it/38f9aue7j2e61.jpg,1611837600.0,"{'author': 'evancooper', 'created_utc': 1611837600, 'title': 'Apparently this is all “illegal social media’s” fault.', 'url': 'https://i.redd.it/38f9aue7j2e61.jpg', 'created': 1611837600.0}",2021-01-28 12:40:00
88,EarningsPal,1611837599,"Posts about GME, AMC, BB will get all my free Gifts",https://www.reddit.com/r/wallstreetbets/comments/l6vm98/posts_about_gme_amc_bb_will_get_all_my_free_gifts/,1611837599.0,"{'author': 'EarningsPal', 'created_utc': 1611837599, 'title': 'Posts about GME, AMC, BB will get all my free Gifts', 'url': 'https://www.reddit.com/r/wallstreetbets/comments/l6vm98/posts_about_gme_amc_bb_will_get_all_my_free_gifts/', 'created': 1611837599.0}",2021-01-28 12:39:59
89,Last_Area5445,1611837599,Is GME still worth buying??!,https://www.reddit.com/r/wallstreetbets/comments/l6vm97/is_gme_still_worth_buying/,1611837599.0,"{'author': 'Last_Area5445', 'created_utc': 1611837599, 'title': 'Is GME still worth buying??!', 'url': 'https://www.reddit.com/r/wallstreetbets/comments/l6vm97/is_gme_still_worth_buying/', 'created': 1611837599.0}",2021-01-28 12:39:59
90,jblueskies8,1611837597,"i’m just a poor highschool student, but i just bought 350 of GME, isn’t much but it’s honest work, i really admire what we are all doing in her and i love you all",https://www.reddit.com/r/wallstreetbets/comments/l6vm8f/im_just_a_poor_highschool_student_but_i_just/,1611837597.0,"{'author': 'jblueskies8', 'created_utc': 1611837597, 'title': 'i’m just a poor highschool student, but i just bought 350 of GME, isn’t much but it’s honest work, i really admire what we are all doing in her and i love you all', 'url': 'https://www.reddit.com/r/wallstreetbets/comments/l6vm8f/im_just_a_poor_highschool_student_but_i_just/', 'created': 1611837597.0}",2021-01-28 12:39:57
91,TheBlueMango01,1611837596,Hold the line.,https://www.reddit.com/r/wallstreetbets/comments/l6vm8c/hold_the_line/,1611837596.0,"{'author': 'TheBlueMango01', 'created_utc': 1611837596, 'title': 'Hold the line.', 'url': 'https://www.reddit.com/r/wallstreetbets/comments/l6vm8c/hold_the_line/', 'created': 1611837596.0}",2021-01-28 12:39:56
92,GGthatsMe,1611837594,Can Someone explain to me how Melvin is getting screwed?,https://www.reddit.com/r/wallstreetbets/comments/l6vm7h/can_someone_explain_to_me_how_melvin_is_getting/,1611837594.0,"{'author': 'GGthatsMe', 'created_utc': 1611837594, 'title': 'Can Someone explain to me how Melvin is getting screwed?', 'url': 'https://www.reddit.com/r/wallstreetbets/comments/l6vm7h/can_someone_explain_to_me_how_melvin_is_getting/', 'created': 1611837594.0}",2021-01-28 12:39:54
93,Ok-Papaya8854,1611837594,NOK,https://www.reddit.com/r/wallstreetbets/comments/l6vm7g/nok/,1611837594.0,"{'author': 'Ok-Papaya8854', 'created_utc': 1611837594, 'title': 'NOK', 'url': 'https://www.reddit.com/r/wallstreetbets/comments/l6vm7g/nok/', 'created': 1611837594.0}",2021-01-28 12:39:54
94,DogeCoin_To_TheMoon,1611837593,Dogecoin?!,https://www.reddit.com/r/wallstreetbets/comments/l6vm78/dogecoin/,1611837593.0,"{'author': 'DogeCoin_To_TheMoon', 'created_utc': 1611837593, 'title': 'Dogecoin?!', 'url': 'https://www.reddit.com/r/wallstreetbets/comments/l6vm78/dogecoin/', 'created': 1611837593.0}",2021-01-28 12:39:53
95,fearnun,1611837593,Ally Invest - Not taking online orders,https://www.reddit.com/r/wallstreetbets/comments/l6vm75/ally_invest_not_taking_online_orders/,1611837593.0,"{'author': 'fearnun', 'created_utc': 1611837593, 'title': 'Ally Invest - Not taking online orders', 'url': 'https://www.reddit.com/r/wallstreetbets/comments/l6vm75/ally_invest_not_taking_online_orders/', 'created': 1611837593.0}",2021-01-28 12:39:53
96,Stanley_Coochie,1611837593,🚀🚀🚀🚀🚀🚀🚀,https://i.redd.it/3rj2yuv6j2e61.jpg,1611837593.0,"{'author': 'Stanley_Coochie', 'created_utc': 1611837593, 'title': '🚀🚀🚀🚀🚀🚀🚀', 'url': 'https://i.redd.it/3rj2yuv6j2e61.jpg', 'created': 1611837593.0}",2021-01-28 12:39:53
97,harryc1905,1611837591,Gamestonk? Elon? 🚀🚀🚀,https://i.redd.it/vkjp2ti6j2e61.jpg,1611837591.0,"{'author': 'harryc1905', 'created_utc': 1611837591, 'title': 'Gamestonk? Elon? 🚀🚀🚀', 'url': 'https://i.redd.it/vkjp2ti6j2e61.jpg', 'created': 1611837591.0}",2021-01-28 12:39:51
98,Saser123100,1611837591,I got 300 dollars what do I do? :(,https://www.reddit.com/r/wallstreetbets/comments/l6vm6k/i_got_300_dollars_what_do_i_do/,1611837591.0,"{'author': 'Saser123100', 'created_utc': 1611837591, 'title': 'I got 300 dollars what do I do? :(', 'url': 'https://www.reddit.com/r/wallstreetbets/comments/l6vm6k/i_got_300_dollars_what_do_i_do/', 'created': 1611837591.0}",2021-01-28 12:39:51
99,zm20881,1611837591,T212 is being annoying,https://www.reddit.com/r/wallstreetbets/comments/l6vm6h/t212_is_being_annoying/,1611837591.0,"{'author': 'zm20881', 'created_utc': 1611837591, 'title': 'T212 is being annoying', 'url': 'https://www.reddit.com/r/wallstreetbets/comments/l6vm6h/t212_is_being_annoying/', 'created': 1611837591.0}",2021-01-28 12:39:51
